subj	cond	sex	age	handedness	"hand_order_first (dom=1, non-dom=2)"	"hand (dom=1, non-dom=2)"	trial	Catch	catch trial 1-20	targ_wt	outlier	lf_on_t	peak_VFR_t	lift_on_t	corr_resp_on_t	lf_on_VF	peak_VFR_VF	lift_on_VF	corr_resp_on_VF
eeo18e	hand_transfer	F	19	r	2	2	1	0		3	0	2.022	2.319	2.424		-0.029481	1.838155	2.934271	0.00675
eeo18e	hand_transfer	F	19	r	2	2	2	0		3	0	2.315	2.499	2.611		-0.019673	1.571384	3.01055	0.007798
eeo18e	hand_transfer	F	19	r	2	2	3	0		3	0	1.426	1.63	1.829		-0.081266	1.308198	3.01906	0.005679
eeo18e	hand_transfer	F	19	r	2	2	4	0		3	0	1.612	1.828	1.91		0.010339	2.033205	3.082217	0.007705
eeo18e	hand_transfer	F	19	r	2	2	5	0		3	0	1.18	1.511	1.584		-0.054955	2.237444	3.01217	0.008395
eeo18e	hand_transfer	F	19	r	2	2	6	1	1	9	0	1.43	1.687	2.481	1.848	-0.028214	2.292539	8.898256	3.698895
eeo18e	hand_transfer	F	19	r	2	2	7	0		3	0	1.378	1.579	1.704		0.016433	1.696134	3.007981	0.007679
eeo18e	hand_transfer	F	19	r	2	2	8	0		3	0	1.523	1.695	1.835		0.014704	1.339203	2.983137	0.007399
eeo18e	hand_transfer	F	19	r	2	2	9	0		3	0	1.435	1.702	1.919		-0.005305	1.426721	3.067202	0.00768
eeo18e	hand_transfer	F	19	r	2	2	10	1	2	9	0	1.681	1.874	2.655	2.125	-0.000692	1.474128	8.928224	3.683842
eeo18e	hand_transfer	F	19	r	2	2	11	0		3	0	1.896	2.167	2.187		-0.015987	2.761408	3.053172	0.010542
eeo18e	hand_transfer	F	19	r	2	2	12	0		3	0	1.542	1.805	1.913		-0.029037	1.780818	2.996311	0.012761
eeo18e	hand_transfer	F	19	r	2	2	13	0		3	0	2.023	2.299	2.335		-0.035789	2.572254	3.007872	0.01101
eeo18e	hand_transfer	F	19	r	2	2	14	0		3	0	1.587	1.914	1.993		-0.004053	2.316043	3.041808	0.014075
eeo18e	hand_transfer	F	19	r	2	2	15	0		3	0	1.423	1.622	1.768		0.022991	1.543462	3.04257	0.013095
eeo18e	hand_transfer	F	19	r	2	2	16	0		3	0	1.53	1.964	1.99		-0.042196	2.790491	3.035711	0.014864
eeo18e	hand_transfer	F	19	r	2	2	17	1	3	9	0	1.232	1.406	2.24	1.633	0.010816	1.266645	9.001914	3.273342
eeo18e	hand_transfer	F	19	r	2	2	18	0		3	0	1.336	1.585	1.675		-0.027734	2.080098	3.059992	-0.006907
eeo18e	hand_transfer	F	19	r	2	2	19	0		3	0	1.339	1.615	1.715		-0.00786	2.254148	3.052646	-0.005227
eeo18e	hand_transfer	F	19	r	2	2	20	0		3	0	1.174	1.398	1.553		0.038601	1.601527	2.995584	-0.005151
eeo18e	hand_transfer	F	19	r	2	2	21	0		3	0	1.372	1.554	1.572		0.035928	2.511306	2.887184	-0.005193
eeo18e	hand_transfer	F	19	r	2	2	22	0		3	0	0.805	1.035	1.121		-0.078971	2.095926	3.153674	-0.003343
eeo18e	hand_transfer	F	19	r	2	2	23	1	4	9	0	1.522	1.67	2.359	1.869	-0.036656	1.05792	8.920346	3.835985
eeo18e	hand_transfer	F	19	r	2	2	24	0		3	0	1.275	1.462	1.488		-0.041518	2.481312	2.935976	-0.004957
eeo18e	hand_transfer	F	19	r	2	2	25	0		3	0	0.981	1.306	1.52		-0.068319	1.55725	3.072151	-0.001478
eeo18e	hand_transfer	F	19	r	2	2	26	0		3	0	1.363	1.602	1.617		-0.044514	2.452521	2.75072	-0.000186
eeo18e	hand_transfer	F	19	r	2	2	27	1	5	9	0	1.544	1.765	2.537	1.994	-0.006722	2.145419	9.051314	4.166779
eeo18e	hand_transfer	F	19	r	2	2	28	0		3	0	1.573	1.822	1.99		-0.001785	1.519406	3.019106	-0.003282
eeo18e	hand_transfer	F	19	r	2	2	29	0		3	0	1.457	1.661	1.759		-0.08947	1.967847	2.960997	-0.001952
eeo18e	hand_transfer	F	19	r	2	2	30	0		3	0	1.603	1.834	1.898		-0.023578	2.122534	2.882767	0.000577
eeo18e	hand_transfer	F	19	r	2	1	31	0		3	0	1.658	1.893	2.017		-0.031862	1.565918	3.040088	-0.014863
eeo18e	hand_transfer	F	19	r	2	1	32	0		3	0	1.25	1.56	1.76		-0.121736	1.799522	3.047414	-0.013042
eeo18e	hand_transfer	F	19	r	2	1	33	0		3	0	1.305	1.616	1.784		-0.025026	1.945473	3.127661	-0.012794
eeo18e	hand_transfer	F	19	r	2	1	34	0		3	0	1.599	1.786	1.9		-0.01632	1.491053	2.905826	-0.01379
eeo18e	hand_transfer	F	19	r	2	1	35	0		3	0	1.506	1.932	1.939		-0.049293	2.981514	3.053383	-0.010326
eeo18e	hand_transfer	F	19	r	2	1	36	1	6	9	0	1.76	2.008	2.751	2.289	-0.010784	1.788599	9.143381	4.086521
eeo18e	hand_transfer	F	19	r	2	1	37	0		3	0	1.207	1.415	1.508		-0.069219	1.866774	3.073966	-0.014744
eeo18e	hand_transfer	F	19	r	2	1	38	0		3	0	1.261	1.465	1.487		-0.065532	2.302094	2.691537	-0.011911
eeo18e	hand_transfer	F	19	r	2	1	39	0		3	0	1.376	1.689	1.7		-0.026388	2.898397	3.050096	-0.011467
eeo18e	hand_transfer	F	19	r	2	1	40	0		3	0	1.516	1.705	1.885		0.017627	1.313312	3.109535	-0.012285
eeo18e	hand_transfer	F	19	r	2	1	41	1	7	9	0	1.368	1.675	2.295	1.851	-0.011845	1.965672	9.017636	3.691493
eeo18e	hand_transfer	F	19	r	2	1	42	0		3	0	1.717	2.003	2.029		-0.084466	2.746524	3.161293	-0.01154
eeo18e	hand_transfer	F	19	r	2	1	43	0		3	0	1.155	1.379	1.459		-0.043964	1.875941	2.984016	-0.008365
eeo18e	hand_transfer	F	19	r	2	1	44	0		3	0	1.193	1.48	1.584		-0.010662	1.995138	3.090438	-0.008593
eeo18e	hand_transfer	F	19	r	2	1	45	0		3	0	1.665	1.884	1.954		-0.045494	2.068737	3.119218	-0.009168
eeo18e	hand_transfer	F	19	r	2	1	46	0		3	0	1.343	1.653	1.76		-0.105211	2.101673	3.139156	-0.007008
eeo18e	hand_transfer	F	19	r	2	1	47	1	8	9	0	1.287	1.536	2.216	1.714	-0.070633	2.053049	9.102183	4.152137
eeo18e	hand_transfer	F	19	r	2	1	48	0		3	0	1.401	1.624	1.746		-0.03449	2.072251	3.203281	-0.008328
eeo18e	hand_transfer	F	19	r	2	1	49	0		3	0	1.071	1.283	1.467		-0.028396	1.525806	3.107459	-0.00833
eeo18e	hand_transfer	F	19	r	2	1	50	0		3	0	0.999	1.354	1.429		-0.051307	2.562016	3.202179	-0.00732
eeo18e	hand_transfer	F	19	r	2	1	51	1	9	9	0	0.887	1.225	1.777	1.367	0.028269	2.802016	9.066123	3.752159
eeo18e	hand_transfer	F	19	r	2	1	52	0		3	0	1.344	1.593	1.679		-0.033994	2.015839	3.11569	-0.009398
eeo18e	hand_transfer	F	19	r	2	1	53	0		3	0	1.162	1.453	1.627		0.028312	2.003253	3.157871	-0.004384
eeo18e	hand_transfer	F	19	r	2	1	54	0		3	0	3.123	3.382	3.395		-0.025934	2.840861	3.109907	-0.007168
eeo18e	hand_transfer	F	19	r	2	1	55	0		3	0	0.934	1.281	1.401		-0.07062	2.174369	3.202443	-0.005812
eeo18e	hand_transfer	F	19	r	2	1	56	0		3	0	1.04	1.181	1.349		-0.031033	1.13262	3.078078	-0.001574
eeo18e	hand_transfer	F	19	r	2	1	57	0		3	0	1.443	1.603	1.785		-0.125739	0.950558	3.028201	-0.004611
eeo18e	hand_transfer	F	19	r	2	1	58	1	10	9	0	1.87	2.277	2.955	2.47	-0.003131	2.679137	9.029443	4.134475
eeo18e	hand_transfer	F	19	r	2	1	59	0		3	0	1.17	1.439	1.559		-0.025593	1.72145	2.997285	-0.005094
eeo18e	hand_transfer	F	19	r	2	1	60	0		3	0	1.177	1.486	1.528		-0.027205	2.524902	3.127115	-0.003111
zcuwa9	hand_transfer	F	19	r	2	2	1	0		3	0	1.934	2.197	2.21		-0.213304	2.649793	2.883572	0.001911
zcuwa9	hand_transfer	F	19	r	2	2	2	0		3	0	1.449	1.649	1.872		-0.001495	1.325667	3.112528	0.003479
zcuwa9	hand_transfer	F	19	r	2	2	3	0		3	0	1.282	1.572	1.697		0.002822	1.930424	3.146525	0.004198
zcuwa9	hand_transfer	F	19	r	2	2	4	0		3	0	1.27	1.531	1.61		-0.061714	2.329347	3.088494	0.005319
zcuwa9	hand_transfer	F	19	r	2	2	5	0		3	0	1.301	1.524	1.615		-0.02644	2.279332	3.225538	0.005741
zcuwa9	hand_transfer	F	19	r	2	2	6	1	1	9	0	1.285	1.442	2.088	1.671	-0.068473	1.191517	7.875981	3.790356
zcuwa9	hand_transfer	F	19	r	2	2	7	0		3	0	1.311	1.678	1.692		-0.206987	2.960683	3.189306	0.003077
zcuwa9	hand_transfer	F	19	r	2	2	8	0		3	0	1.365	1.62	1.721		-0.147511	2.14297	3.264454	0.005991
zcuwa9	hand_transfer	F	19	r	2	2	9	0		3	0	1.423	1.549	1.848		-0.210158	0.7958	3.168503	0.0046
zcuwa9	hand_transfer	F	19	r	2	2	10	1	2	9	0	1.446	1.62	2.742	1.958	-0.005472	1.016256	9.291736	3.392981
zcuwa9	hand_transfer	F	19	r	2	2	11	0		3	0	1.945	2.155	2.304		-0.024612	1.8253	3.173218	0.006007
zcuwa9	hand_transfer	F	19	r	2	2	12	0		3	0	1.311	1.562	1.754		-0.03183	1.568523	3.216223	0.007709
zcuwa9	hand_transfer	F	19	r	2	2	13	0		3	0	1.365	1.562	1.74		-0.03414	1.576661	3.136119	0.008185
zcuwa9	hand_transfer	F	19	r	2	2	14	0		3	0	1.468	1.777	1.867		-0.098383	2.599487	3.191697	0.006495
zcuwa9	hand_transfer	F	19	r	2	2	15	0		3	0	1.392	1.475	1.764		-0.135776	0.548231	3.215092	0.005892
zcuwa9	hand_transfer	F	19	r	2	2	16	0		3	0	1.052	1.241	1.4		-0.166618	1.425277	3.127296	0.006135
zcuwa9	hand_transfer	F	19	r	2	2	17	1	3	9	0	1.117	1.285	2.041	1.557	-0.052967	1.168624	9.009917	3.737808
zcuwa9	hand_transfer	F	19	r	2	2	18	0		3	0	1.335	1.577	1.665		-0.014038	2.122894	3.215715	0.003839
zcuwa9	hand_transfer	F	19	r	2	2	19	0		3	0	1.313	1.551	1.672		0.007362	1.579535	3.215112	0.007662
zcuwa9	hand_transfer	F	19	r	2	2	20	0		3	0	1.222	1.383	1.628		-0.01269	0.784713	3.160751	0.009749
zcuwa9	hand_transfer	F	19	r	2	2	21	0		3	0	1.202	1.443	1.615		-0.037922	1.809639	3.169087	0.009425
zcuwa9	hand_transfer	F	19	r	2	2	22	0		3	0	1.378	1.522	1.731		0.01748	0.982537	3.234237	0.009924
zcuwa9	hand_transfer	F	19	r	2	2	23	1	4	9	0	2.123	2.35	3.129	2.553	-0.030633	1.910034	9.22125	3.804907
zcuwa9	hand_transfer	F	19	r	2	2	24	0		3	0	1.284	1.471	1.544		-0.062152	2.299794	3.265787	0.005653
zcuwa9	hand_transfer	F	19	r	2	2	25	0		3	0	1.494	1.657	1.791		-0.058216	1.645435	3.224556	0.007596
zcuwa9	hand_transfer	F	19	r	2	2	26	0		3	0	1.463	1.657	1.774		-0.155104	1.584313	3.173747	0.009464
zcuwa9	hand_transfer	F	19	r	2	2	27	1	5	9	0	1.245	1.424	2.171	1.748	-0.061083	0.895041	9.116979	4.301286
zcuwa9	hand_transfer	F	19	r	2	2	28	0		3	0	0.843	0.982	1.024		-0.173031	1.857593	2.634088	0.007356
zcuwa9	hand_transfer	F	19	r	2	2	29	0		3	0	1.142	1.38	1.472		-0.04801	2.050713	3.205149	0.007691
zcuwa9	hand_transfer	F	19	r	2	2	30	0		3	0	1.373	1.558	1.764		0.006108	1.33764	3.220919	0.010658
zcuwa9	hand_transfer	F	19	r	2	1	31	0		3	0	1.018	1.214	1.253		-0.184189	2.30918	3.082612	0.018664
zcuwa9	hand_transfer	F	19	r	2	1	32	0		3	0	1.122	1.245	1.385		-0.062919	0.999425	3.192559	0.01777
zcuwa9	hand_transfer	F	19	r	2	1	33	0		3	0	1.33	1.47	1.57		-0.00278	1.154895	2.767897	0.018273
zcuwa9	hand_transfer	F	19	r	2	1	34	0		3	0	1.244	1.409	1.536		0.012712	1.323178	3.04445	0.018851
zcuwa9	hand_transfer	F	19	r	2	1	35	0		3	0	1.089	1.245	1.366		-0.143175	1.515351	3.163719	0.019809
zcuwa9	hand_transfer	F	19	r	2	1	36	1	6	9	0	3.954	4.127	4.773	4.272	0.014857	1.817569	9.11853	3.576281
zcuwa9	hand_transfer	F	19	r	2	1	37	0		3	0	1.352	1.452	1.7		-0.057983	0.645051	3.172468	0.018873
zcuwa9	hand_transfer	F	19	r	2	1	38	0		3	0	1.287	1.493	1.692		-0.148668	1.82846	3.147769	0.019703
zcuwa9	hand_transfer	F	19	r	2	1	39	0		3	0	1.158	1.351	1.47		-0.194702	2.107527	3.14217	0.019387
zcuwa9	hand_transfer	F	19	r	2	1	40	0		3	0	1.578	1.734	2.004		-0.012649	0.835908	3.160416	0.021035
zcuwa9	hand_transfer	F	19	r	2	1	41	1	7	9	0	1.044	1.124	1.949	1.331	-0.069426	0.932199	8.849377	3.439725
zcuwa9	hand_transfer	F	19	r	2	1	42	0		3	0	1.18	1.396	1.509		-0.048648	1.920142	3.18106	0.019101
zcuwa9	hand_transfer	F	19	r	2	1	43	0		3	0	1.272	1.455	1.568		0.048124	1.982459	3.162733	0.019997
zcuwa9	hand_transfer	F	19	r	2	1	44	0		3	0	1.167	1.332	1.479		-0.017251	1.659521	3.203876	0.017801
zcuwa9	hand_transfer	F	19	r	2	1	45	0		3	0	1.236	1.377	1.509		-0.140513	1.531847	3.12016	0.01951
zcuwa9	hand_transfer	F	19	r	2	1	46	0		3	0	1.195	1.351	1.467		-0.028795	1.754108	3.200397	0.020007
zcuwa9	hand_transfer	F	19	r	2	1	47	1	8	9	0	1.513	1.618	2.629	1.946	-0.022008	0.938212	9.182485	3.300461
zcuwa9	hand_transfer	F	19	r	2	1	48	0		3	0	1.31	1.584	1.622		-0.012431	2.756639	3.206797	0.02069
zcuwa9	hand_transfer	F	19	r	2	1	49	0		3	0	1.12	1.249	1.391		-0.049119	1.37523	3.154946	0.020872
zcuwa9	hand_transfer	F	19	r	2	1	50	0		3	0	1.445	1.529	1.741		-0.018228	0.682473	3.103889	0.020556
zcuwa9	hand_transfer	F	19	r	2	1	51	1	9	9	0	1.123	1.255	1.748	1.391	0.020143	1.303882	9.213173	3.589804
zcuwa9	hand_transfer	F	19	r	2	1	52	0		3	0	1.21	1.347	1.467		-0.074099	1.536811	3.166487	0.022888
zcuwa9	hand_transfer	F	19	r	2	1	53	0		3	0	1.189	1.244	1.475		-0.10617	0.41582	3.172929	0.020987
zcuwa9	hand_transfer	F	19	r	2	1	54	0		3	0	1.176	1.32	1.412		-0.014571	1.819073	3.041583	0.022663
zcuwa9	hand_transfer	F	19	r	2	1	55	0		3	0	1.119	1.27	1.392		0.02181	1.003987	2.942093	0.022224
zcuwa9	hand_transfer	F	19	r	2	1	56	0		3	0	1.263	1.405	1.533		-0.134406	1.569514	3.238216	0.021104
zcuwa9	hand_transfer	F	19	r	2	1	57	0		3	0	1.397	1.525	1.602		-0.076686	1.711999	3.164949	0.021902
zcuwa9	hand_transfer	F	19	r	2	1	58	1	10	9	0	2.434	2.589	3.366	2.824	-0.046049	1.495731	9.027042	3.508836
zcuwa9	hand_transfer	F	19	r	2	1	59	0		3	0	1.434	1.575	1.662		-0.137069	1.563683	3.159139	0.021847
zcuwa9	hand_transfer	F	19	r	2	1	60	0		3	0	1.044	1.238	1.44		0.021215	1.490169	3.216889	0.023815
mfcpac	hand_transfer	F	18	r	2	2	1	0		3	0	1.667	1.886	1.955		-0.124882	2.250324	3.105972	-0.005094
mfcpac	hand_transfer	F	18	r	2	2	2	0		3	0	1.397	1.598	1.676		-0.124706	2.107431	3.094323	-0.0055
mfcpac	hand_transfer	F	18	r	2	2	3	0		3	0	1.142	1.297	1.46		-0.006457	1.42107	3.04756	-0.004813
mfcpac	hand_transfer	F	18	r	2	2	4	0		3	0	1.303	1.355	1.61		0.208861	0.638251	3.079185	-0.005596
mfcpac	hand_transfer	F	18	r	2	2	5	0		3	0	1.555	1.749	1.778		0.036172	2.262083	2.709618	-0.005383
mfcpac	hand_transfer	F	18	r	2	2	6	1	1	9	0	1.56	1.754	2.512	2.029	0.348975	1.608394	8.880838	3.763608
mfcpac	hand_transfer	F	18	r	2	2	7	0		3	0	1.742	1.918	2.115		-0.070343	0.798077	3.091075	-0.026317
mfcpac	hand_transfer	F	18	r	2	2	8	0		3	0	1.21	1.357	1.433		0.173405	1.956975	3.235438	-0.025981
mfcpac	hand_transfer	F	18	r	2	2	9	0		3	0	1.458	1.711	1.83		-0.161727	1.260068	2.768233	-0.025888
mfcpac	hand_transfer	F	18	r	2	2	10	1	2	9	0	1.613	1.849	2.462	1.995	-0.059664	2.366341	9.021964	4.130827
mfcpac	hand_transfer	F	18	r	2	2	11	0		3	0	1.202	1.383	1.459		-0.049331	2.029581	3.087465	-0.020884
mfcpac	hand_transfer	F	18	r	2	2	12	0		3	0	1.212	1.692	1.72		-0.074082	2.801928	3.221987	-0.022937
mfcpac	hand_transfer	F	18	r	2	2	13	0		3	0	3.215	3.428	3.632		-0.129736	1.557154	3.1555	-0.020072
mfcpac	hand_transfer	F	18	r	2	2	14	0		3	0	1.236	1.462	1.612		-0.04038	1.392187	3.192932	-0.024069
mfcpac	hand_transfer	F	18	r	2	2	15	0		3	0	1.118	1.293	1.418		0.178437	1.705483	3.102451	-0.021288
mfcpac	hand_transfer	F	18	r	2	2	16	0		3	0	1.094	1.295	1.41		-0.11294	1.738317	3.128558	-0.02084
mfcpac	hand_transfer	F	18	r	2	2	17	1	3	9	0	1.209	1.779	1.944	1.538	-0.058706	6.743632	9.06097	3.706112
mfcpac	hand_transfer	F	18	r	2	2	18	0		3	0	1.331	1.668	1.771		0.041268	2.263919	3.170932	-0.021717
mfcpac	hand_transfer	F	18	r	2	2	19	0		3	0	1.035	1.283	1.434		-0.090749	1.05959	2.576378	-0.019516
mfcpac	hand_transfer	F	18	r	2	2	20	0		3	0	1.342	1.558	1.652		-0.057285	2.013855	3.018213	-0.022507
mfcpac	hand_transfer	F	18	r	2	2	21	0		3	0	1.244	1.505	1.668		-0.314383	1.611001	3.128154	-0.020907
mfcpac	hand_transfer	F	18	r	2	2	22	0		3	0	1.465	1.694	1.808		-0.047618	1.950107	3.153137	-0.020081
mfcpac	hand_transfer	F	18	r	2	2	23	1	4	9	0	1.225	1.315	1.865	1.532	-0.050002	0.691544	8.992122	3.848406
mfcpac	hand_transfer	F	18	r	2	2	24	0		3	0	2.272	2.415	2.576		0.021523	1.368532	3.092845	-0.022866
mfcpac	hand_transfer	F	18	r	2	2	25	0		3	0	1.779	2.066	2.093		-0.022625	2.809855	3.175329	-0.018344
mfcpac	hand_transfer	F	18	r	2	2	26	0		3	0	1.125	1.338	1.525		-0.076788	1.37174	3.132132	-0.017584
mfcpac	hand_transfer	F	18	r	2	2	27	1	5	9	0	1.187	1.265	1.933	1.505	-0.122521	0.725914	8.978198	3.986782
mfcpac	hand_transfer	F	18	r	2	2	28	0		3	0	1.31	1.548	1.717		-0.055006	1.072009	3.107127	-0.019134
mfcpac	hand_transfer	F	18	r	2	2	29	0		3	0	1.117	1.331	1.399		-0.142605	1.968873	3.167837	-0.017994
mfcpac	hand_transfer	F	18	r	2	2	30	0		3	0	1.291	1.558	1.955		-0.015937	1.036617	3.085018	-0.017611
mfcpac	hand_transfer	F	18	r	2	1	31	0		3	0	1.359	1.575	1.958		-0.063404	0.652747	2.829056	-0.016342
mfcpac	hand_transfer	F	18	r	2	1	32	0		3	0	1.522	1.679	2.061		-0.061896	0.813138	3.090734	-0.015634
mfcpac	hand_transfer	F	18	r	2	1	33	0		3	0	0.94	1.258	1.309		0.230374	2.645608	3.137104	-0.010902
mfcpac	hand_transfer	F	18	r	2	1	34	0		3	0	1.145	1.401	1.682		-0.027552	1.552242	3.107748	-0.004576
mfcpac	hand_transfer	F	18	r	2	1	35	0		3	0	0.131	0.602	0.78		-0.124145	1.543898	3.136354	-0.041178
mfcpac	hand_transfer	F	18	r	2	1	36	1	6	9	0	1.757	2.032	2.915	2.392	-0.124718	1.061605	8.932477	4.569742
mfcpac	hand_transfer	F	18	r	2	1	37	0		3	0	1.618	1.974	2.157		-0.223408	1.505043	3.188595	-0.004023
mfcpac	hand_transfer	F	18	r	2	1	38	0		3	0	1.469	1.822	2.03		-0.114982	1.581577	3.160235	-0.005251
mfcpac	hand_transfer	F	18	r	2	1	39	0		3	0	1.348	1.526	1.773		0.027943	0.948879	3.146179	-0.005885
mfcpac	hand_transfer	F	18	r	2	1	40	0		3	0	1.203	1.462	1.702		-0.038996	1.257768	3.086768	-0.001722
mfcpac	hand_transfer	F	18	r	2	1	41	1	7	9	0	1.157	1.382	1.984	1.598	-0.243501	1.479473	9.044309	3.672874
mfcpac	hand_transfer	F	18	r	2	1	42	0		3	0	1.019	1.316	1.413		-0.06018	2.356335	3.118977	-0.003088
mfcpac	hand_transfer	F	18	r	2	1	43	0		3	0	1.298	1.504	1.666		-0.125184	1.633956	3.125215	-0.001379
mfcpac	hand_transfer	F	18	r	2	1	44	0		3	0	1.305	1.714	1.75		-0.062135	2.7855	3.173434	-0.002613
mfcpac	hand_transfer	F	18	r	2	1	45	0		3	0	1.57	1.841	2.009		0.088061	2.103051	3.171043	-0.00184
mfcpac	hand_transfer	F	18	r	2	1	46	0		3	0	1.698	1.984	2.13		0.080575	1.980828	3.1494	-0.003249
mfcpac	hand_transfer	F	18	r	2	1	47	1	8	9	0	1.051	1.31	1.777	1.443	-0.028795	2.575268	8.870058	4.406589
mfcpac	hand_transfer	F	18	r	2	1	48	0		3	0	1.428	1.706	1.969		-0.042893	1.173305	3.151555	-0.003309
mfcpac	hand_transfer	F	18	r	2	1	49	0		3	0	1.055	1.308	1.587		-0.145094	0.901371	3.156607	-0.004154
mfcpac	hand_transfer	F	18	r	2	1	50	0		3	0	1.497	1.657	1.966		-0.040999	0.873068	3.139924	-0.00195
mfcpac	hand_transfer	F	18	r	2	1	51	1	9	9	0	1.47	1.677	2.45	1.968	0.047676	1.438461	9.079713	3.172409
mfcpac	hand_transfer	F	18	r	2	1	52	0		3	0	1.578	1.744	2.013		-0.04995	0.856075	3.094587	-0.003435
mfcpac	hand_transfer	F	18	r	2	1	53	0		3	0	1.231	1.513	1.58		-0.038982	2.336524	3.153692	-0.002388
mfcpac	hand_transfer	F	18	r	2	1	54	0		3	0	1.115	1.326	1.531		-0.083191	1.246694	3.16226	-0.00091
mfcpac	hand_transfer	F	18	r	2	1	55	0		3	0	1.171	1.529	1.776		-0.052858	2.149982	3.109874	0.000269
mfcpac	hand_transfer	F	18	r	2	1	56	0		3	0	1.218	1.573	1.649		-0.001922	2.38473	3.155789	-0.000491
mfcpac	hand_transfer	F	18	r	2	1	57	0		3	0	1.341	1.659	1.71		0.064597	2.597365	3.114122	0.002054
mfcpac	hand_transfer	F	18	r	2	1	58	1	10	9	0	1.07	1.365	2.307	1.797	-0.22253	1.621468	9.16413	3.390927
mfcpac	hand_transfer	F	18	r	2	1	59	0		3	0	1.129	1.509	1.592		-0.064691	2.387606	3.157871	0.000423
mfcpac	hand_transfer	F	18	r	2	1	60	0		3	0	1.308	1.476	1.759		0.102841	0.937738	3.14159	-0.001796
h4pd5a	hand_transfer	F	18	r	2	2	1	0		3	0	1.001	1.14	1.336		-0.104054	0.95114	2.954261	0.005046
h4pd5a	hand_transfer	F	18	r	2	2	2	0		3	0	0.558	0.809	0.855		-0.08758	2.196124	2.805821	0.002676
h4pd5a	hand_transfer	F	18	r	2	2	3	0		3	0	0.652	0.792	0.888		-0.043908	1.276735	3.052738	0.003465
h4pd5a	hand_transfer	F	18	r	2	2	4	0		3	0	0.649	0.774	0.872		-0.074282	1.39868	3.128271	0.004402
h4pd5a	hand_transfer	F	18	r	2	2	5	0		3	0	0.941	1.115	1.184		-0.090776	2.21248	3.200028	0.003114
h4pd5a	hand_transfer	F	18	r	2	2	6	1	1	9	0	0.689	0.864	1.702	1.058	-0.096388	1.39239	8.759798	3.459942
h4pd5a	hand_transfer	F	18	r	2	2	7	0		3	0	1.026	1.244	1.261		-0.001467	2.630252	3.105155	0.005871
h4pd5a	hand_transfer	F	18	r	2	2	8	0		3	0	0.625	0.845	0.992		-0.022216	1.732933	3.237724	0.008093
h4pd5a	hand_transfer	F	18	r	2	2	9	0		3	0	0.837	0.998	1.139		-0.02667	0.980251	3.048213	0.009158
h4pd5a	hand_transfer	F	18	r	2	2	10	1	2	9	0	0.841	0.962	1.708	1.162	-0.02382	1.264077	9.027136	3.982049
h4pd5a	hand_transfer	F	18	r	2	2	11	0		3	0	1.151	1.34	1.355		-0.000306	2.513921	3.133844	0.007501
h4pd5a	hand_transfer	F	18	r	2	2	12	0		3	0	0.701	0.988	1.002		-0.02974	2.849163	3.050207	0.01111
h4pd5a	hand_transfer	F	18	r	2	2	13	0		3	0	0.691	0.924	1.011		-0.043038	2.202736	3.158413	0.013589
h4pd5a	hand_transfer	F	18	r	2	2	14	0		3	0	0.986	1.187	1.47		0.009898	0.908997	3.175382	0.009281
h4pd5a	hand_transfer	F	18	r	2	2	15	0		3	0	1.095	1.347	1.415		0.004918	2.302466	3.305234	0.008881
h4pd5a	hand_transfer	F	18	r	2	2	16	0		3	0	0.762	0.916	0.995		0.010278	1.598011	3.219721	0.011574
h4pd5a	hand_transfer	F	18	r	2	2	17	1	3	9	0	0.842	1.197	1.726	1.26	0.008679	2.855888	8.944437	3.429635
h4pd5a	hand_transfer	F	18	r	2	2	18	0		3	0	1.063	1.338	1.476		0.077205	1.589043	3.179053	0.009349
h4pd5a	hand_transfer	F	18	r	2	2	19	0		3	0	0.652	0.851	0.936		0.031017	1.7674	3.008255	0.010769
h4pd5a	hand_transfer	F	18	r	2	2	20	0		3	0	0.494	0.898	0.909		-0.066576	2.806034	3.004365	0.012732
h4pd5a	hand_transfer	F	18	r	2	2	21	0		3	0	0.671	0.865	1.033		0.012898	1.443308	3.192385	0.012111
h4pd5a	hand_transfer	F	18	r	2	2	22	0		3	0	1.04	1.236	1.34		0.134463	1.829563	3.147859	0.015025
h4pd5a	hand_transfer	F	18	r	2	2	23	1	4	9	0	1.121	1.237	1.825	1.368	0.22543	1.704737	8.715604	3.140844
h4pd5a	hand_transfer	F	18	r	2	2	24	0		3	0	0.781	1.048	1.064		0.012454	2.238376	2.600628	0.013411
h4pd5a	hand_transfer	F	18	r	2	2	25	0		3	0	0.889	1.079	1.125		0.033477	2.442782	3.11757	0.014302
h4pd5a	hand_transfer	F	18	r	2	2	26	0		3	0	0.68	0.944	1.029		0.084616	2.326253	3.176783	0.015687
h4pd5a	hand_transfer	F	18	r	2	2	27	1	5	9	0	4.441	4.564	5.15	4.697	-0.121343	1.463787	8.999886	3.417329
h4pd5a	hand_transfer	F	18	r	2	2	28	0		3	0	1.411	1.521	1.608		3.130281	3.15205	3.023869	0.016295
h4pd5a	hand_transfer	F	18	r	2	2	29	0		3	0	0.825	0.986	1.073		-0.01425	1.873161	3.222806	0.016295
h4pd5a	hand_transfer	F	18	r	2	2	30	0		3	0	0.902	1.197	1.231		0.000428	2.717122	3.188302	0.01626
h4pd5a	hand_transfer	F	18	r	2	1	31	0		3	0	0.888	1.039	1.359		0.017838	0.482143	3.215818	0.025407
h4pd5a	hand_transfer	F	18	r	2	1	32	0		3	0	0.84	0.972	1.166		0.042436	1.208719	3.150445	0.022925
h4pd5a	hand_transfer	F	18	r	2	1	33	0		3	0	1.174	1.47	1.584		0.017401	2.308654	3.151559	0.022213
h4pd5a	hand_transfer	F	18	r	2	1	34	0		3	0	0.967	1.071	1.376		0.002721	0.488006	3.054928	0.024178
h4pd5a	hand_transfer	F	18	r	2	1	35	0		3	0	0.623	0.814	0.903		0.001654	1.954545	3.013296	0.022965
h4pd5a	hand_transfer	F	18	r	2	1	36	1	6	9	0	0.666	0.909	1.716	1.136	-0.05157	1.2941	9.211218	3.663962
h4pd5a	hand_transfer	F	18	r	2	1	37	0		3	0	0.857	1.1	1.141		0.027774	2.52532	3.198427	0.023818
h4pd5a	hand_transfer	F	18	r	2	1	38	0		3	0	0.728	0.913	1.225		0.024311	1.079997	3.212405	0.023528
h4pd5a	hand_transfer	F	18	r	2	1	39	0		3	0	1.02	1.43	1.538		0.024253	2.382221	3.168224	0.024966
h4pd5a	hand_transfer	F	18	r	2	1	40	0		3	0	0.885	1.168	1.216		0.017632	2.663362	3.21377	0.026283
h4pd5a	hand_transfer	F	18	r	2	1	41	1	7	9	0	0.975	1.173	2.042	1.365	0.026326	1.507885	9.049863	3.347933
h4pd5a	hand_transfer	F	18	r	2	1	42	0		3	0	1.479	1.801	1.767		-0.067086	2.700391	1.963913	0.026099
h4pd5a	hand_transfer	F	18	r	2	1	43	0		3	0	1.254	1.449	1.664		-0.038011	1.260598	3.111579	0.026075
h4pd5a	hand_transfer	F	18	r	2	1	44	0		3	0	1	1.392	1.525		0.024912	2.474324	3.180972	0.026684
h4pd5a	hand_transfer	F	18	r	2	1	45	0		3	0	0.557	0.746	0.967		-0.023154	1.288968	3.153203	0.027303
h4pd5a	hand_transfer	F	18	r	2	1	46	0		3	0	0.681	0.919	0.963		-0.009817	2.662407	3.189785	0.026335
h4pd5a	hand_transfer	F	18	r	2	1	47	1	8	9	0	0.994	1.169	1.994	1.489	0.025002	1.034499	9.008461	3.856863
h4pd5a	hand_transfer	F	18	r	2	1	48	0		3	0	1.177	1.23	1.507		0.094624	0.637406	3.151505	0.026903
h4pd5a	hand_transfer	F	18	r	2	1	49	0		3	0	0.847	0.96	1.169		0.159005	1.172122	3.168465	0.023942
h4pd5a	hand_transfer	F	18	r	2	1	50	0		3	0	0.773	0.962	1.134		-0.079471	1.173083	3.156998	0.028761
h4pd5a	hand_transfer	F	18	r	2	1	51	1	9	9	0	0.914	1.069	1.966	1.37	-0.033982	1.124117	9.187118	3.89716
h4pd5a	hand_transfer	F	18	r	2	1	52	0		3	0	0.952	1.289	1.354		0.02343	2.446236	3.210951	0.024659
h4pd5a	hand_transfer	F	18	r	2	1	53	0		3	0	0.787	1.092	1.171		0.023743	2.463599	3.218043	0.027581
h4pd5a	hand_transfer	F	18	r	2	1	54	0		3	0	0.464	0.771	1.007		0.026336	1.745614	3.140265	0.026747
h4pd5a	hand_transfer	F	18	r	2	1	55	0		3	0	1.004	1.277	1.343		0.023337	2.163012	3.208557	0.028156
h4pd5a	hand_transfer	F	18	r	2	1	56	0		3	0	0.561	0.866	0.882		0.008337	2.817843	3.127166	0.02875
h4pd5a	hand_transfer	F	18	r	2	1	57	0		3	0	0.781	1.248	1.404		0.026176	2.460893	3.159379	0.026954
h4pd5a	hand_transfer	F	18	r	2	1	58	1	10	9	0	0.676	1.142	1.938	1.21	-0.058769	2.586957	8.920449	3.109675
h4pd5a	hand_transfer	F	18	r	2	1	59	0		3	0	0.698	0.958	1.168		0.000223	1.603552	3.15612	0.028409
h4pd5a	hand_transfer	F	18	r	2	1	60	0		3	0	0.595	0.924	1.103		-0.003636	2.320756	3.153662	0.029808
ndvqv3	hand_transfer	M	19	r	1	1	1	0		3	0	1.954	2.226	2.324		-0.051909	1.926558	2.976443	-0.001421
ndvqv3	hand_transfer	M	19	r	1	1	2	0		3	0	1.866	2.033	2.466		-0.043231	0.893239	3.065523	0.000548
ndvqv3	hand_transfer	M	19	r	1	1	3	0		3	0	3.525	3.709	3.955		-0.021148	1.3817	3.048671	-0.000982
ndvqv3	hand_transfer	M	19	r	1	1	4	0		3	0	1.477	1.724	2.013		-0.018264	1.189876	3.050559	0.000361
ndvqv3	hand_transfer	M	19	r	1	1	5	0		3	0	2.091	2.347	2.673		-0.135165	1.094075	3.093156	0.003725
ndvqv3	hand_transfer	M	19	r	1	1	6	1	1	9	0	2.046	2.271	3.816	2.708	-0.050799	1.408275	8.815749	3.61501
ndvqv3	hand_transfer	M	19	r	1	1	7	0		3	0	2.221	2.516	2.837		-0.042159	1.073088	3.062975	-0.019394
ndvqv3	hand_transfer	M	19	r	1	1	8	0		3	0	1.775	2.1	2.65		-0.107908	1.183279	3.065707	-0.01422
ndvqv3	hand_transfer	M	19	r	1	1	9	0		3	0	2.133	2.389	2.76		-0.082279	1.54191	3.095368	-0.016919
ndvqv3	hand_transfer	M	19	r	1	1	10	1	2	9	0	1.828	2.221	2.957	2.375	-0.11562	2.468828	8.892522	3.925007
ndvqv3	hand_transfer	M	19	r	1	1	11	0		3	0	1.434	1.832	1.946		-0.079846	2.202331	3.08031	-0.016916
ndvqv3	hand_transfer	M	19	r	1	1	12	0		3	0	1.772	2.091	2.38		-0.185571	1.507728	3.098775	-0.014488
ndvqv3	hand_transfer	M	19	r	1	1	13	0		3	0	1.807	1.983	2.229		0.79514	1.904753	3.119714	-0.013428
ndvqv3	hand_transfer	M	19	r	1	1	14	0		3	0	1.558	1.948	2.316		-0.09715	1.503777	3.06286	-0.012284
ndvqv3	hand_transfer	M	19	r	1	1	15	0		3	0	1.742	1.97	2.303		-0.099943	1.335368	3.095377	-0.01232
ndvqv3	hand_transfer	M	19	r	1	1	16	0		3	0	1.788	2.082	2.402		-0.080607	1.010969	3.084872	-0.014766
ndvqv3	hand_transfer	M	19	r	1	1	17	1	3	9	0	1.458	1.749	3.23	2.25	-0.05226	1.187938	9.022499	3.302136
ndvqv3	hand_transfer	M	19	r	1	1	18	0		3	0	1.741	2.143	2.336		-0.084307	2.000201	3.064474	-0.011698
ndvqv3	hand_transfer	M	19	r	1	1	19	0		3	0	1.983	2.465	2.93		-0.044667	1.648534	3.05223	-0.013354
ndvqv3	hand_transfer	M	19	r	1	1	20	0		3	0	1.264	1.343	1.549		-0.199973	0.607538	3.103615	-0.01366
ndvqv3	hand_transfer	M	19	r	1	1	21	0		3	0	1.599	1.797	1.968		-0.064556	1.824618	3.064103	-0.012344
ndvqv3	hand_transfer	M	19	r	1	1	22	0		3	0	1.833	2.042	2.143		-0.076118	1.793161	3.048452	-0.01049
ndvqv3	hand_transfer	M	19	r	1	1	23	1	4	9	0	1.688	1.884	2.522	2.024	-0.019829	1.895436	8.806363	3.526603
ndvqv3	hand_transfer	M	19	r	1	1	24	0		3	0	1.357	1.84	2.018		-0.023332	1.67617	3.090761	-0.010505
ndvqv3	hand_transfer	M	19	r	1	1	25	0		3	0	1.868	2.065	2.132		-0.176681	2.119792	3.084811	-0.010699
ndvqv3	hand_transfer	M	19	r	1	1	26	0		3	0	2.59	2.904	3.043		-0.017294	1.851741	3.042196	-0.009181
ndvqv3	hand_transfer	M	19	r	1	1	27	1	5	9	0	1.786	2.015	2.474	2.123	-0.053025	2.392725	8.948759	4.148307
ndvqv3	hand_transfer	M	19	r	1	1	28	0		3	0	1.556	1.805	1.925		-0.106322	1.349043	2.942196	-0.007902
ndvqv3	hand_transfer	M	19	r	1	1	29	0		3	0	1.879	2.074	2.192		-0.070601	1.630517	3.100929	-0.010381
ndvqv3	hand_transfer	M	19	r	1	1	30	0		3	0	1.61	1.973	2.241		-0.039299	1.491597	3.08682	-0.008382
ndvqv3	hand_transfer	M	19	r	1	2	31	0		3	0	4.185	4.483	4.649		-0.011074	1.221915	3.024028	-0.011163
ndvqv3	hand_transfer	M	19	r	1	2	32	0		3	0	1.704	1.912	2.039		-0.098206	1.666054	2.988135	-0.011636
ndvqv3	hand_transfer	M	19	r	1	2	33	0		3	0	1.564	1.892	2.077		-0.030624	1.703354	3.060708	-0.010849
ndvqv3	hand_transfer	M	19	r	1	2	34	0		3	0	4.066	4.397	4.665		-0.029145	1.46871	3.132791	-0.011003
ndvqv3	hand_transfer	M	19	r	1	2	35	0		3	0	1.87	2.131	2.28		-0.083477	1.70322	3.142715	-0.006254
ndvqv3	hand_transfer	M	19	r	1	2	36	1	6	9	0	1.666	2.006	2.814	2.23	-0.119717	2.441674	9.075964	4.282381
ndvqv3	hand_transfer	M	19	r	1	2	37	0		3	0	1.692	1.921	1.932		-0.095739	2.242123	2.435709	-0.007155
ndvqv3	hand_transfer	M	19	r	1	2	38	0		3	0	1.733	1.936	2.037		-0.020154	1.893652	3.210209	-0.009207
ndvqv3	hand_transfer	M	19	r	1	2	39	0		3	0	1.668	1.94	2.153		-0.168894	1.7937	3.130539	-0.006756
ndvqv3	hand_transfer	M	19	r	1	2	40	0		3	0	1.33	1.693	1.826		-0.075197	1.892046	3.18838	-0.007555
ndvqv3	hand_transfer	M	19	r	1	2	41	1	7	9	0	1.886	2.066	2.94	2.246	-0.091809	1.516562	9.176886	3.319807
ndvqv3	hand_transfer	M	19	r	1	2	42	0		3	0	1.34	1.65	1.677		-0.129166	2.702245	3.156698	-0.00806
ndvqv3	hand_transfer	M	19	r	1	2	43	0		3	0	1.719	1.85	2.095		-0.044759	0.806207	3.130206	-0.006188
ndvqv3	hand_transfer	M	19	r	1	2	44	0		3	0	1.65	2.037	2.202		0.008638	2.189442	3.126259	-0.004224
ndvqv3	hand_transfer	M	19	r	1	2	45	0		3	0	1.986	2.344	2.484		-0.055982	2.070458	3.109559	-0.005323
ndvqv3	hand_transfer	M	19	r	1	2	46	0		3	0	1.926	2.143	2.246		-0.106737	1.749315	3.162019	-0.005045
ndvqv3	hand_transfer	M	19	r	1	2	47	1	8	9	0	2.257	2.476	2.872	2.535	-0.079669	2.457162	9.164105	3.462645
ndvqv3	hand_transfer	M	19	r	1	2	48	0		3	0	3.893	4.205	4.269		-0.087494	2.502777	3.193025	-0.005463
ndvqv3	hand_transfer	M	19	r	1	2	49	0		3	0	1.811	2.008	2.104		-0.113039	1.555875	3.259558	-0.000487
ndvqv3	hand_transfer	M	19	r	1	2	50	0		3	0	2.383	2.538	2.695		-0.080004	1.245855	3.220354	-0.001002
ndvqv3	hand_transfer	M	19	r	1	2	51	1	9	9	0	1.847	2.162	2.805	2.24	-0.037588	2.761506	9.219031	3.561353
ndvqv3	hand_transfer	M	19	r	1	2	52	0		3	0	1.712	2.005	2.268		-0.030592	1.555256	3.1695	-0.003146
ndvqv3	hand_transfer	M	19	r	1	2	53	0		3	0	1.919	2.136	2.275		-0.139361	1.731889	3.19001	-0.000945
ndvqv3	hand_transfer	M	19	r	1	2	54	0		3	0	7.711	8.03	8.197		-0.168008	1.872242	3.170092	0.000659
ndvqv3	hand_transfer	M	19	r	1	2	55	0		3	0	1.978	2.293	2.394		-0.190333	2.307937	3.16417	-0.000362
ndvqv3	hand_transfer	M	19	r	1	2	56	0		3	0	1.957	2.221	2.5		-0.220216	1.342783	3.1999	-0.001218
ndvqv3	hand_transfer	M	19	r	1	2	57	0		3	0	6.499	6.794	6.927		-0.070048	2.071882	3.129965	-0.000505
ndvqv3	hand_transfer	M	19	r	1	2	58	1	10	9	0	1.594	1.828	3.063	2.166	-0.173455	1.27982	9.154647	3.588211
ndvqv3	hand_transfer	M	19	r	1	2	59	0		3	0	1.689	1.974	2.034		-0.136168	2.385021	3.156953	-0.00191
ndvqv3	hand_transfer	M	19	r	1	2	60	0		3	0	1.849	2.19	2.282		-0.108265	2.3802	3.209488	-0.00075
fe3ovs	hand_transfer	F	18	r	1	1	1	0		3	0	0.871	1.171	1.208		-0.042818	2.472042	3.036438	-0.002547
fe3ovs	hand_transfer	F	18	r	1	1	2	0		3	0	0.658	0.82	0.904		-0.011131	1.636961	3.105364	-0.001865
fe3ovs	hand_transfer	F	18	r	1	1	3	0		3	0	0.609	0.842	0.915		-0.076463	1.916383	3.112824	-0.003991
fe3ovs	hand_transfer	F	18	r	1	1	4	0		3	0	0.71	0.992	1.088		-0.126454	2.244646	3.091834	-0.00345
fe3ovs	hand_transfer	F	18	r	1	1	5	0		3	0	0.593	0.952	1.01		-0.05709	2.339843	3.067585	-0.004513
fe3ovs	hand_transfer	F	18	r	1	1	6	1	1	9	0	0.615	0.857	1.776	1	-0.006354	2.301007	9.106458	3.66485
fe3ovs	hand_transfer	F	18	r	1	1	7	0		3	0	0.851	1.064	1.095		-0.02386	2.351705	3.196443	-0.021497
fe3ovs	hand_transfer	F	18	r	1	1	8	0		3	0	0.584	0.8	0.833		-0.024568	2.102918	2.908309	-0.023702
fe3ovs	hand_transfer	F	18	r	1	1	9	0		3	0	0.719	0.921	1.046		-0.023965	1.346506	3.007268	-0.022998
fe3ovs	hand_transfer	F	18	r	1	1	10	1	2	9	0	0.847	1.014	1.51	1.145	-0.07373	2.121433	8.416581	3.917551
fe3ovs	hand_transfer	F	18	r	1	1	11	0		3	0	0.687	0.898	0.933		-0.098371	2.383741	3.173886	-0.02253
fe3ovs	hand_transfer	F	18	r	1	1	12	0		3	0	0.741	0.914	0.942		0.029942	2.441629	3.039714	-0.021113
fe3ovs	hand_transfer	F	18	r	1	1	13	0		3	0	0.731	0.882	0.93		-0.15411	2.176409	3.115887	-0.020367
fe3ovs	hand_transfer	F	18	r	1	1	14	0		3	0	0.789	0.918	0.941		-0.087043	2.249708	2.874266	-0.019975
fe3ovs	hand_transfer	F	18	r	1	1	15	0		3	0	1.056	1.321	1.409		-0.098205	1.994234	3.079813	-0.020017
fe3ovs	hand_transfer	F	18	r	1	1	16	0		3	0	0.897	1.246	1.377		-0.041211	1.854331	3.107351	-0.02395
fe3ovs	hand_transfer	F	18	r	1	1	17	1	3	9	0	0.708	0.935	1.694	1.162	-0.044514	1.451143	9.075972	3.355493
fe3ovs	hand_transfer	F	18	r	1	1	18	0		3	0	0.963	1.135	1.203		-0.096318	1.552359	2.889241	-0.024115
fe3ovs	hand_transfer	F	18	r	1	1	19	0		3	0	0.674	0.861	1.147		-0.057703	0.870932	3.083172	-0.021333
fe3ovs	hand_transfer	F	18	r	1	1	20	0		3	0	0.63	0.87	1.007		-0.141421	1.601146	3.068786	-0.019496
fe3ovs	hand_transfer	F	18	r	1	1	21	0		3	0	0.779	1.006	1.126		-0.160393	1.623697	3.121744	-0.020083
fe3ovs	hand_transfer	F	18	r	1	1	22	0		3	0	0.631	0.899	1.009		-0.022817	1.693316	3.126939	-0.020203
fe3ovs	hand_transfer	F	18	r	1	1	23	1	4	9	0	0.885	1.038	1.838	1.181	-0.178615	1.717447	9.058653	3.398778
fe3ovs	hand_transfer	F	18	r	1	1	24	0		3	0	0.977	1.169	1.189		-0.174298	2.619109	3.058925	-0.021788
fe3ovs	hand_transfer	F	18	r	1	1	25	0		3	0	0.886	1.046	1.207		-0.083757	1.862702	3.118211	-0.021811
fe3ovs	hand_transfer	F	18	r	1	1	26	0		3	0	0.709	0.862	0.992		-0.065014	1.526815	3.163508	-0.019813
fe3ovs	hand_transfer	F	18	r	1	1	27	1	5	9	0	1.047	1.217	1.916	1.454	-0.024296	1.667431	8.598904	3.888049
fe3ovs	hand_transfer	F	18	r	1	1	28	0		3	0	0.881	1.144	1.239		-0.072716	2.166042	3.166109	-0.02034
fe3ovs	hand_transfer	F	18	r	1	1	29	0		3	0	0.84	1.056	1.174		-0.088303	1.655732	3.115961	-0.020199
fe3ovs	hand_transfer	F	18	r	1	1	30	0		3	0	0.765	1.016	1.121		-0.076171	1.909224	3.125224	-0.01901
fe3ovs	hand_transfer	F	18	r	1	2	31	0		3	0	0.711	0.931	0.979		-0.040084	1.981418	3.052371	-0.027399
fe3ovs	hand_transfer	F	18	r	1	2	32	0		3	0	0.84	1.078	1.279		-0.155184	1.614503	3.102631	-0.026562
fe3ovs	hand_transfer	F	18	r	1	2	33	0		3	0	0.909	1.19	1.251		-0.15451	2.354724	2.993189	-0.025949
fe3ovs	hand_transfer	F	18	r	1	2	34	0		3	0	0.873	1.067	1.225		-0.068692	1.379946	2.988987	-0.024223
fe3ovs	hand_transfer	F	18	r	1	2	35	0		3	0	0.836	1.181	1.235		-0.061122	2.426817	3.118052	-0.024997
fe3ovs	hand_transfer	F	18	r	1	2	36	1	6	9	0	0.839	1.128	1.938	1.297	-0.164886	2.14194	9.159614	3.630888
fe3ovs	hand_transfer	F	18	r	1	2	37	0		3	0	0.691	0.93	0.962		-0.027139	2.610257	3.138076	-0.025464
fe3ovs	hand_transfer	F	18	r	1	2	38	0		3	0	0.887	1.085	1.254		-0.191773	1.71644	3.110304	-0.023928
fe3ovs	hand_transfer	F	18	r	1	2	39	0		3	0	0.865	0.974	1.206		-0.065197	0.776825	3.104749	-0.024064
fe3ovs	hand_transfer	F	18	r	1	2	40	0		3	0	0.853	1.055	1.342		-0.084137	0.811212	3.055635	-0.022547
fe3ovs	hand_transfer	F	18	r	1	2	41	1	7	9	0	0.914	1.1	1.473	1.255	-0.134872	1.729316	8.281899	4.204313
fe3ovs	hand_transfer	F	18	r	1	2	42	0		3	0	1.066	1.284	1.38		-0.027529	1.668263	3.150838	-0.025352
fe3ovs	hand_transfer	F	18	r	1	2	43	0		3	0	0.81	1.069	1.238		-0.036359	1.223072	3.133876	-0.023379
fe3ovs	hand_transfer	F	18	r	1	2	44	0		3	0	0.839	1.09	1.313		0.045809	1.330032	3.15755	-0.023927
fe3ovs	hand_transfer	F	18	r	1	2	45	0		3	0	0.903	1.193	1.343		-0.100549	1.926344	3.090534	-0.022505
fe3ovs	hand_transfer	F	18	r	1	2	46	0		3	0	0.905	1.221	1.392		-0.085129	1.441559	3.145769	-0.020338
fe3ovs	hand_transfer	F	18	r	1	2	47	1	8	9	0	0.986	1.255	2.099	1.499	-0.123672	1.547393	9.054437	3.552244
fe3ovs	hand_transfer	F	18	r	1	2	48	0		3	0	0.962	1.216	1.255		-0.198292	2.4545	3.131452	-0.020397
fe3ovs	hand_transfer	F	18	r	1	2	49	0		3	0	0.706	0.996	1.134		-0.059887	1.808937	3.091149	-0.022449
fe3ovs	hand_transfer	F	18	r	1	2	50	0		3	0	0.811	1.01	1.206		-0.026281	1.20989	3.122534	-0.02325
fe3ovs	hand_transfer	F	18	r	1	2	51	1	9	9	0	0.919	1.103	1.704	1.262	-0.024373	1.445669	8.793614	3.32586
fe3ovs	hand_transfer	F	18	r	1	2	52	0		3	0	0.801	1.034	1.083		-0.187266	2.40602	3.049811	-0.020206
fe3ovs	hand_transfer	F	18	r	1	2	53	0		3	0	0.827	0.992	1.094		-0.11119	1.550619	3.154321	-0.021351
fe3ovs	hand_transfer	F	18	r	1	2	54	0		3	0	2.258	2.435	2.473		-0.065939	2.28461	3.099277	-0.021249
fe3ovs	hand_transfer	F	18	r	1	2	55	0		3	0	0.664	0.879	1.053		-0.020909	1.09544	3.001214	-0.019538
fe3ovs	hand_transfer	F	18	r	1	2	56	0		3	0	0.589	0.865	1.123		-0.034406	1.305411	3.093946	-0.020681
fe3ovs	hand_transfer	F	18	r	1	2	57	0		3	0	0.858	1.137	1.237		0.020103	1.998304	3.16556	-0.021154
fe3ovs	hand_transfer	F	18	r	1	2	58	1	10	9	0	0.731	0.935	1.826	1.173	-0.038283	1.402057	8.960254	3.443094
fe3ovs	hand_transfer	F	18	r	1	2	59	0		3	0	0.877	1.03	1.095		-0.127509	1.820347	3.092579	-0.02102
fe3ovs	hand_transfer	F	18	r	1	2	60	0		3	0	0.824	1.233	1.32		-0.024094	2.126251	3.060945	-0.019737
swg4bs	hand_transfer	F	18	l	1	1	1	0		3	0	1.292	1.473	1.655		-0.057043	1.259091	3.036324	-0.002159
swg4bs	hand_transfer	F	18	l	1	1	2	0		3	0	1.406	1.638	1.8		-0.017783	1.832394	3.169886	-0.001842
swg4bs	hand_transfer	F	18	l	1	1	3	0		3	0	1.173	1.423	1.546		-0.07879	1.933262	3.056436	-0.003021
swg4bs	hand_transfer	F	18	l	1	1	4	0		3	0	0.828	1.042	1.104		-0.015641	2.034174	3.033385	0.001146
swg4bs	hand_transfer	F	18	l	1	1	5	0		3	0	1.188	1.478	1.603		-0.00351	1.989242	3.152289	-0.000589
swg4bs	hand_transfer	F	18	l	1	1	6	1	1	9	0	1.114	1.426	2.416	1.504	0.084037	2.687699	9.094057	3.3467
swg4bs	hand_transfer	F	18	l	1	1	7	0		3	0	1.362	1.576	1.616		-0.147599	2.510898	3.09486	0.002283
swg4bs	hand_transfer	F	18	l	1	1	8	0		3	0	1.093	1.27	1.482		-0.074884	1.159455	3.240002	-0.001016
swg4bs	hand_transfer	F	18	l	1	1	9	0		3	0	1.111	1.327	1.559		-0.003917	1.426045	3.203101	-0.0008
swg4bs	hand_transfer	F	18	l	1	1	10	1	2	9	0	1.188	1.475	2.328	1.55	-0.045127	2.436368	9.04796	3.100353
swg4bs	hand_transfer	F	18	l	1	1	11	0		3	0	1.105	1.291	1.374		-0.040373	1.516154	3.020895	0.000267
swg4bs	hand_transfer	F	18	l	1	1	12	0		3	0	1.116	1.309	1.386		-0.096554	1.967307	3.108201	0.000901
swg4bs	hand_transfer	F	18	l	1	1	13	0		3	0	1.203	1.425	1.556		-0.038927	1.915843	3.182878	-0.000906
swg4bs	hand_transfer	F	18	l	1	1	14	0		3	0	1.32	1.637	1.761		-0.088965	1.870067	3.178151	-0.002331
swg4bs	hand_transfer	F	18	l	1	1	15	0		3	0	1.187	1.493	1.567		-0.042667	2.390998	3.134469	0.000036
swg4bs	hand_transfer	F	18	l	1	1	16	0		3	0	1.264	1.621	1.744		-0.035352	1.998595	3.191573	-0.002679
swg4bs	hand_transfer	F	18	l	1	1	17	1	3	9	0	1.391	1.624	2.374	1.756	-0.043735	1.829491	9.196712	3.429293
swg4bs	hand_transfer	F	18	l	1	1	18	0		3	0	1.072	1.253	1.406		-0.003162	1.179416	3.153693	0.00039
swg4bs	hand_transfer	F	18	l	1	1	19	0		3	0	1.215	1.534	1.663		-0.034027	2.279932	3.21173	-0.001103
swg4bs	hand_transfer	F	18	l	1	1	20	0		3	0	1	1.247	1.445		0.007972	1.706428	3.157661	0.001052
swg4bs	hand_transfer	F	18	l	1	1	21	0		3	0	1.287	1.524	1.717		-0.039577	1.241226	3.123562	0.001378
swg4bs	hand_transfer	F	18	l	1	1	22	0		3	0	1.323	1.658	1.784		-0.015746	2.388485	3.144546	-0.00143
swg4bs	hand_transfer	F	18	l	1	1	23	1	4	9	0	1.19	1.541	2.396	1.725	-0.011859	2.44017	9.07537	3.812459
swg4bs	hand_transfer	F	18	l	1	1	24	0		3	0	1.415	1.538	1.691		-0.085219	1.14618	3.194212	-0.001321
swg4bs	hand_transfer	F	18	l	1	1	25	0		3	0	0.953	1.118	1.368		-0.028475	1.321386	3.1489	-0.001249
swg4bs	hand_transfer	F	18	l	1	1	26	0		3	0	1.106	1.39	1.562		-0.013531	1.910519	3.144566	-0.001485
swg4bs	hand_transfer	F	18	l	1	1	27	1	5	9	0	1.022	1.336	2.013	1.493	-0.011841	2.229952	9.101446	3.676969
swg4bs	hand_transfer	F	18	l	1	1	28	0		3	0	1.025	1.315	1.534		-0.001191	1.680093	3.130425	-0.001649
swg4bs	hand_transfer	F	18	l	1	1	29	0		3	0	0.782	1.044	1.166		-0.007507	2.02172	3.128954	-0.000333
swg4bs	hand_transfer	F	18	l	1	1	30	0		3	0	1.527	1.711	1.882		-0.075973	1.232076	3.091878	0.002527
swg4bs	hand_transfer	F	18	l	1	2	31	0		3	0	1.389	1.589	1.641		-0.00358	2.012495	2.956358	0.001868
swg4bs	hand_transfer	F	18	l	1	2	32	0		3	0	1.14	1.353	1.55		-0.019928	1.54134	3.102398	-0.000139
swg4bs	hand_transfer	F	18	l	1	2	33	0		3	0	0.873	1.075	1.108		-0.003475	2.282446	2.95618	0.002929
swg4bs	hand_transfer	F	18	l	1	2	34	0		3	0	1.091	1.34	1.421		-0.118391	2.314476	3.048967	0.001423
swg4bs	hand_transfer	F	18	l	1	2	35	0		3	0	1.275	1.426	1.616		-0.090902	1.235054	3.110726	0.001828
swg4bs	hand_transfer	F	18	l	1	2	36	1	6	9	0	1.198	1.361	1.866	1.535	-0.167957	1.890001	9.062023	4.483464
swg4bs	hand_transfer	F	18	l	1	2	37	0		3	0	1.053	1.269	1.435		-0.001079	1.403115	3.066587	0.00037
swg4bs	hand_transfer	F	18	l	1	2	38	0		3	0	1.337	1.516	1.621		-0.003117	1.945668	3.081144	-0.000234
swg4bs	hand_transfer	F	18	l	1	2	39	0		3	0	1.311	1.524	1.662		-0.039184	1.54671	3.093357	0.001003
swg4bs	hand_transfer	F	18	l	1	2	40	0		3	0	1.4	1.476	1.812		-0.001347	0.52372	3.113961	0.003931
swg4bs	hand_transfer	F	18	l	1	2	41	1	7	9	0	1.175	1.452	2.322	1.646	0.002211	2.064652	9.037698	3.747472
swg4bs	hand_transfer	F	18	l	1	2	42	0		3	0	1.605	1.829	2.021		0.000057	1.285536	3.143267	0.002391
swg4bs	hand_transfer	F	18	l	1	2	43	0		3	0	1.277	1.455	1.643		-0.002228	1.383735	3.094389	0.00028
swg4bs	hand_transfer	F	18	l	1	2	44	0		3	0	0.909	1.179	1.319		0.001831	1.651549	3.165104	0.000922
swg4bs	hand_transfer	F	18	l	1	2	45	0		3	0	1.59	1.866	2.017		0.000752	1.806197	3.14277	0.00206
swg4bs	hand_transfer	F	18	l	1	2	46	0		3	0	1.42	1.648	1.776		0.003047	1.739191	3.037934	0.004082
swg4bs	hand_transfer	F	18	l	1	2	47	1	8	9	0	1.333	1.525	2.154	1.687	-0.002753	1.867203	9.150705	4.121492
swg4bs	hand_transfer	F	18	l	1	2	48	0		3	0	1.54	1.685	1.824		-0.013822	1.131703	2.932592	0.000276
swg4bs	hand_transfer	F	18	l	1	2	49	0		3	0	1.055	1.351	1.461		-0.045395	2.099703	3.089895	0.003196
swg4bs	hand_transfer	F	18	l	1	2	50	0		3	0	1.216	1.336	1.511		-0.108882	0.864195	3.189741	0.002542
swg4bs	hand_transfer	F	18	l	1	2	51	1	9	9	0	1.082	1.3	1.934	1.45	-0.002747	1.932378	9.145985	3.75847
swg4bs	hand_transfer	F	18	l	1	2	52	0		3	0	1.488	1.761	1.803		-0.010219	2.411324	3.016386	0.003661
swg4bs	hand_transfer	F	18	l	1	2	53	0		3	0	1.509	1.649	1.809		-0.074775	0.949762	3.081925	0.004089
swg4bs	hand_transfer	F	18	l	1	2	54	0		3	0	1.234	1.391	1.701		-0.122925	0.986358	3.141487	0.004903
swg4bs	hand_transfer	F	18	l	1	2	55	0		3	0	1.314	1.504	1.732		-0.033536	1.183834	3.145037	0.004321
swg4bs	hand_transfer	F	18	l	1	2	56	0		3	0	1.363	1.601	1.682		-0.116442	2.129816	3.190865	0.00248
swg4bs	hand_transfer	F	18	l	1	2	57	0		3	0	1.391	1.562	1.726		-0.000967	1.422029	3.146125	0.005482
swg4bs	hand_transfer	F	18	l	1	2	58	1	10	9	0	1.59	1.836	2.75	2.029	-0.038899	1.893746	9.152739	3.459855
swg4bs	hand_transfer	F	18	l	1	2	59	0		3	0	1.607	1.836	1.903		-0.037531	2.362703	3.1712	0.00574
swg4bs	hand_transfer	F	18	l	1	2	60	0		3	0	0.933	1.101	1.251		-0.189197	1.33082	3.193732	0.004481
f3j3y7	hand_transfer	F	18	r	1	1	1	0		3	0	1.671	1.93	2.023		-0.057532	2.417537	3.138658	0.003956
f3j3y7	hand_transfer	F	18	r	1	1	2	0		3	0	1.587	1.954	2.074		-0.098719	1.987029	3.081796	0.002522
f3j3y7	hand_transfer	F	18	r	1	1	3	0		3	0	1.795	2.264	2.3		-0.035755	2.762965	3.117224	0.0012
f3j3y7	hand_transfer	F	18	r	1	1	4	0		3	0	1.474	1.669	1.832		-0.165308	1.742548	3.101585	0.002277
f3j3y7	hand_transfer	F	18	r	1	1	5	0		3	0	1.742	2.046	2.223		-0.079087	1.764913	3.109881	0.001372
f3j3y7	hand_transfer	F	18	r	1	1	6	1	1	9	0	1.815	2.35	3.304	2.475	-0.105487	2.975678	8.982655	3.523328
f3j3y7	hand_transfer	F	18	r	1	1	7	0		3	0	1.543	1.982	1.996		-0.1556	3.01985	3.195609	0.003757
f3j3y7	hand_transfer	F	18	r	1	1	8	0		3	0	1.728	1.947	2.224		-0.196869	1.267458	3.128785	0.002311
f3j3y7	hand_transfer	F	18	r	1	1	9	0		3	0	1.598	1.824	2.027		-0.041928	1.435252	3.031878	0.000948
f3j3y7	hand_transfer	F	18	r	1	1	10	1	2	9	0	1.49	1.676	2.161	1.873	-0.146848	1.974096	9.043584	4.896384
f3j3y7	hand_transfer	F	18	r	1	1	11	0		3	0	1.701	2.006	2.102		-0.045953	1.845362	3.167257	0.000322
f3j3y7	hand_transfer	F	18	r	1	1	12	0		3	0	1.446	1.77	1.96		-0.081076	1.648282	3.126636	0.001697
f3j3y7	hand_transfer	F	18	r	1	1	13	0		3	0	1.538	1.817	2.105		-0.073674	1.678928	3.133654	0.001401
f3j3y7	hand_transfer	F	18	r	1	1	14	0		3	0	1.591	1.821	2.091		-0.056363	1.80787	3.157247	0.003087
f3j3y7	hand_transfer	F	18	r	1	1	15	0		3	0	1.477	1.703	1.738		-0.292926	2.422112	3.225004	0.00314
f3j3y7	hand_transfer	F	18	r	1	1	16	0		3	0	1.302	1.444	1.621		-0.083427	1.231636	3.100559	0.00105
f3j3y7	hand_transfer	F	18	r	1	1	17	1	3	9	0	1.782	1.862	3.056	2.106	0.299104	1.06419	9.225412	3.229413
f3j3y7	hand_transfer	F	18	r	1	1	18	0		3	0	1.434	1.791	1.904		0.069582	2.033022	3.146118	0.001764
f3j3y7	hand_transfer	F	18	r	1	1	19	0		3	0	1.537	1.74	2.116		-0.076327	0.724509	3.138444	0.003858
f3j3y7	hand_transfer	F	18	r	1	1	20	0		3	0	1.626	1.741	2.071		-0.114015	0.753688	3.195082	0.003367
f3j3y7	hand_transfer	F	18	r	1	1	21	0		3	0	1.963	2.234	2.39		-0.144951	2.051367	3.162413	0.004965
f3j3y7	hand_transfer	F	18	r	1	1	22	0		3	0	1.741	1.821	2.1		0.037219	0.67006	3.082523	0.003575
f3j3y7	hand_transfer	F	18	r	1	1	23	1	4	9	0	1.657	1.93	2.676	2.104	-0.184126	2.022646	9.195224	3.816264
f3j3y7	hand_transfer	F	18	r	1	1	24	0		3	0	1.645	2.109	2.282		-0.05108	2.252342	3.165271	0.00245
f3j3y7	hand_transfer	F	18	r	1	1	25	0		3	0	1.491	1.818	2.105		0.067664	1.834903	3.158237	0.007076
f3j3y7	hand_transfer	F	18	r	1	1	26	0		3	0	1.984	2.321	2.508		0.040242	2.143396	3.1664	0.005563
f3j3y7	hand_transfer	F	18	r	1	1	27	1	5	9	0	1.623	1.819	2.72	1.99	0.269996	2.029788	9.081681	3.816265
f3j3y7	hand_transfer	F	18	r	1	1	28	0		3	0	1.549	1.663	1.93		-0.22473	0.447909	3.033197	0.002651
f3j3y7	hand_transfer	F	18	r	1	1	29	0		3	0	1.743	1.847	2.185		-0.287289	0.503279	3.088856	0.003731
f3j3y7	hand_transfer	F	18	r	1	1	30	0		3	0	1.966	2.286	2.554		0.17885	1.672035	3.107454	0.005151
f3j3y7	hand_transfer	F	18	r	1	2	31	0		3	0	1.36	1.808	1.861		-0.064801	2.702517	3.21711	0.017221
f3j3y7	hand_transfer	F	18	r	1	2	32	0		3	0	1.509	1.64	2		-0.197935	0.658482	2.846914	0.012739
f3j3y7	hand_transfer	F	18	r	1	2	33	0		3	0	1.489	1.816	2.057		-0.030066	1.859867	3.208982	0.014443
f3j3y7	hand_transfer	F	18	r	1	2	34	0		3	0	1.494	2.313	2.541		-0.03409	2.822973	3.216333	0.015589
f3j3y7	hand_transfer	F	18	r	1	2	35	0		3	0	1.587	1.811	2.071		-0.000464	1.545853	3.277618	0.015652
f3j3y7	hand_transfer	F	18	r	1	2	36	1	6	9	0	1.547	2.023	2.99	2.246	0.011883	2.177031	9.19638	3.805448
f3j3y7	hand_transfer	F	18	r	1	2	37	0		3	0	1.469	1.819	1.971		0.115496	2.117695	3.18552	0.014935
f3j3y7	hand_transfer	F	18	r	1	2	38	0		3	0	1.333	1.454	1.864		0.02274	0.460315	3.275648	0.014863
f3j3y7	hand_transfer	F	18	r	1	2	39	0		3	0	1.439	1.546	1.848		-0.048895	0.574763	3.070092	0.014215
f3j3y7	hand_transfer	F	18	r	1	2	40	0		3	0	1.479	1.777	1.989		-0.026169	1.603894	3.172289	0.014824
f3j3y7	hand_transfer	F	18	r	1	2	41	1	7	9	0	1.39	1.676	2.769	1.9	-0.039549	1.748491	9.211576	3.605847
f3j3y7	hand_transfer	F	18	r	1	2	42	0		3	0	1.863	1.963	2.384		-0.165447	0.322939	3.211229	0.014451
f3j3y7	hand_transfer	F	18	r	1	2	43	0		3	0	1.527	1.936	2.445		0.058046	1.347104	3.150326	0.014874
f3j3y7	hand_transfer	F	18	r	1	2	44	0		3	0	1.464	1.655	1.984		-0.04598	0.870462	3.156019	0.015861
f3j3y7	hand_transfer	F	18	r	1	2	45	0		3	0	1.372	1.631	1.883		0.022324	1.348372	3.042191	0.016813
f3j3y7	hand_transfer	F	18	r	1	2	46	0		3	0	1.627	1.975	2.103		-0.135826	2.193272	3.140247	0.018692
f3j3y7	hand_transfer	F	18	r	1	2	47	1	8	9	0	1.359	1.553	2.949	1.972	0.013688	0.889534	9.095651	3.667633
f3j3y7	hand_transfer	F	18	r	1	2	48	0		3	0	1.381	1.768	2.158		-0.095564	0.777097	3.136141	0.014713
f3j3y7	hand_transfer	F	18	r	1	2	49	0		3	0	1.712	1.975	2.449		-0.057258	0.996641	2.983932	0.017827
f3j3y7	hand_transfer	F	18	r	1	2	50	0		3	0	1.278	1.726	2.077		-0.001698	1.825786	3.169848	0.016539
f3j3y7	hand_transfer	F	18	r	1	2	51	1	9	9	0	1.282	1.381	2.954	1.95	0.097706	0.638807	9.269505	3.306804
f3j3y7	hand_transfer	F	18	r	1	2	52	0		3	0	1.382	1.839	1.93		-0.190009	2.33369	3.036406	0.014283
f3j3y7	hand_transfer	F	18	r	1	2	53	0		3	0	1.427	1.827	2.151		-0.02465	1.528085	3.175497	0.017799
f3j3y7	hand_transfer	F	18	r	1	2	54	0		3	0	1.506	1.99	2.077		-0.179796	2.757715	3.160724	0.017641
f3j3y7	hand_transfer	F	18	r	1	2	55	0		3	0	1.565	1.783	1.851		-0.226451	2.237815	3.191507	0.01596
f3j3y7	hand_transfer	F	18	r	1	2	56	0		3	0	1.539	1.631	1.838		0.021154	0.954598	2.956778	0.019414
f3j3y7	hand_transfer	F	18	r	1	2	57	0		3	0	1.358	1.581	1.688		0.125648	2.060513	3.142961	0.01715
f3j3y7	hand_transfer	F	18	r	1	2	58	1	10	9	0	1.482	1.779	2.747	2.009	0.108163	1.822964	9.195502	3.292231
f3j3y7	hand_transfer	F	18	r	1	2	59	0		3	0	1.417	2.027	2.186		0.014456	2.231054	2.906241	0.014984
f3j3y7	hand_transfer	F	18	r	1	2	60	0		3	0	1.419	1.666	1.965		-0.120302	1.098873	3.175639	0.017659
yremkm	hand_transfer	F	19	r	1	1	1	0		3	0	2.606	2.839	2.939		-0.182037	1.632025	2.886521	0.003995
yremkm	hand_transfer	F	19	r	1	1	2	0		3	0	1.617	1.867	2.162		-0.108535	1.317252	3.051026	0.002736
yremkm	hand_transfer	F	19	r	1	1	3	0		3	0	1.557	1.733	1.832		-0.013757	1.772241	3.030883	0.002538
yremkm	hand_transfer	F	19	r	1	1	4	0		3	0	1.506	1.681	1.821		-0.172611	1.55431	3.022393	0.004804
yremkm	hand_transfer	F	19	r	1	1	5	0		3	0	1.77	2.149	2.287		-0.081144	2.47954	3.066701	0.004794
yremkm	hand_transfer	F	19	r	1	1	6	1	1	9	0	1.257	1.486	2.379	1.638	-0.044317	1.952829	8.962535	3.86126
yremkm	hand_transfer	F	19	r	1	1	7	0		3	0	1.292	1.527	1.627		-0.094132	1.757121	3.160502	0.007491
yremkm	hand_transfer	F	19	r	1	1	8	0		3	0	1.347	1.611	1.673		-0.150766	2.263305	2.89015	0.005985
yremkm	hand_transfer	F	19	r	1	1	9	0		3	0	1.297	1.474	1.589		-0.050887	1.416245	2.759313	0.006443
yremkm	hand_transfer	F	19	r	1	1	10	1	2	9	0	1.584	1.738	2.278	1.98	-0.186151	1.313706	8.167095	3.600626
yremkm	hand_transfer	F	19	r	1	1	11	0		3	0	1.888	2.047	2.148		0.072558	1.521685	3.16518	-0.007399
yremkm	hand_transfer	F	19	r	1	1	12	0		3	0	1.273	1.515	1.679		-0.08945	1.341058	3.104351	-0.009062
yremkm	hand_transfer	F	19	r	1	1	13	0		3	0	1.335	1.494	1.684		0.001334	1.214907	3.078386	-0.00783
yremkm	hand_transfer	F	19	r	1	1	14	0		3	0	1.34	1.581	1.649		0.089156	2.150982	3.089807	-0.006199
yremkm	hand_transfer	F	19	r	1	1	15	0		3	0	1.465	1.614	1.843		-0.235625	0.923307	3.084259	-0.005386
yremkm	hand_transfer	F	19	r	1	1	16	0		3	0	1.58	1.723	1.83		-0.178684	1.628348	3.049675	-0.005839
yremkm	hand_transfer	F	19	r	1	1	17	1	3	9	0	1.5	1.719	2.177	1.791	-0.245847	2.73436	9.042377	4.007293
yremkm	hand_transfer	F	19	r	1	1	18	0		3	0	1.414	1.566	1.714		-0.139339	1.113522	3.132613	-0.004942
yremkm	hand_transfer	F	19	r	1	1	19	0		3	0	1.314	1.484	1.572		-0.069921	1.676348	3.19262	-0.000394
yremkm	hand_transfer	F	19	r	1	1	20	0		3	0	1.201	1.362	1.571		-0.018281	0.956881	3.171084	-0.003177
yremkm	hand_transfer	F	19	r	1	1	21	0		3	0	1.28	1.395	1.503		-0.03898	1.480999	3.136087	-0.000921
yremkm	hand_transfer	F	19	r	1	1	22	0		3	0	1.414	1.644	1.725		-0.203688	2.096344	3.195599	-0.000738
yremkm	hand_transfer	F	19	r	1	1	23	1	4	9	0	1.454	1.521	2.363	1.852	-0.134302	0.461205	9.079482	3.631972
yremkm	hand_transfer	F	19	r	1	1	24	0		3	0	1.583	1.759	1.858		-0.187604	1.727589	3.039193	0.000929
yremkm	hand_transfer	F	19	r	1	1	25	0		3	0	1.53	1.732	1.773		-0.243182	1.91472	2.81976	0.002134
yremkm	hand_transfer	F	19	r	1	1	26	0		3	0	1.29	1.609	1.63		-0.112655	2.494853	2.739657	0.001864
yremkm	hand_transfer	F	19	r	1	1	27	1	5	9	0	1.692	1.859	2.451	2.062	-0.120456	1.531856	8.935334	3.924169
yremkm	hand_transfer	F	19	r	1	1	28	0		3	0	1.686	1.895	1.996		-0.147126	1.738277	3.102842	0.003369
yremkm	hand_transfer	F	19	r	1	1	29	0		3	0	1.437	1.641	1.749		-0.301381	1.563177	3.096449	0.006084
yremkm	hand_transfer	F	19	r	1	1	30	0		3	0	1.423	1.734	1.779		-0.254865	2.384942	2.979926	0.004185
yremkm	hand_transfer	F	19	r	1	2	31	0		3	0	6.432	6.717	6.795		-0.201578	2.133588	2.951511	0.002587
yremkm	hand_transfer	F	19	r	1	2	32	0		3	0	1.481	1.632	1.846		-0.072258	0.882528	3.163702	-0.008256
yremkm	hand_transfer	F	19	r	1	2	33	0		3	0	1.673	1.861	1.955		-0.219798	1.534501	3.142355	-0.004628
yremkm	hand_transfer	F	19	r	1	2	34	0		3	0	1.811	1.94	2.169		-0.067021	0.959203	3.075991	-0.007959
yremkm	hand_transfer	F	19	r	1	2	35	0		3	0	1.509	1.696	1.775		-0.061229	1.693447	2.802928	-0.004287
yremkm	hand_transfer	F	19	r	1	2	36	1	6	9	0	1.62	1.778	2.412	1.976	-0.14745	1.441989	8.546401	4.000874
yremkm	hand_transfer	F	19	r	1	2	37	0		3	0	1.387	1.682	1.73		-0.004209	2.286164	2.988979	-0.002799
yremkm	hand_transfer	F	19	r	1	2	38	0		3	0	1.819	2.088	2.129		-0.125728	2.594239	3.240557	0.001261
yremkm	hand_transfer	F	19	r	1	2	39	0		3	0	1.497	1.653	1.797		-0.045054	1.15697	2.990716	0.000623
yremkm	hand_transfer	F	19	r	1	2	40	0		3	0	1.59	1.767	1.94		-0.204662	1.095145	3.147551	0.001275
yremkm	hand_transfer	F	19	r	1	2	41	1	7	9	0	1.569	1.814	2.28	1.962	0.106117	2.204634	9.155208	4.290252
yremkm	hand_transfer	F	19	r	1	2	42	0		3	0	1.712	1.913	1.964		-0.196439	2.181261	3.210642	0.002043
yremkm	hand_transfer	F	19	r	1	2	43	0		3	0	1.762	1.996	2.059		-0.281768	1.97019	2.985393	0.000705
yremkm	hand_transfer	F	19	r	1	2	44	0		3	0	1.726	1.923	2.071		-0.006963	1.769528	3.141263	0.001864
yremkm	hand_transfer	F	19	r	1	2	45	0		3	0	1.294	1.577	1.629		-0.18808	2.372106	3.218757	0.002258
yremkm	hand_transfer	F	19	r	1	2	46	0		3	0	1.67	1.908	2.016		0.000071	1.803541	2.920522	0.005002
yremkm	hand_transfer	F	19	r	1	2	47	1	8	9	0	1.752	1.924	2.356	2.084	-0.04648	1.491805	8.881174	4.360883
yremkm	hand_transfer	F	19	r	1	2	48	0		3	0	1.686	1.933	1.98		-0.094238	2.289518	3.247431	0.003939
yremkm	hand_transfer	F	19	r	1	2	49	0		3	0	1.575	1.724	1.869		-0.281866	1.183107	3.171864	0.004914
yremkm	hand_transfer	F	19	r	1	2	50	0		3	0	1.574	1.725	1.846		0.056583	1.577342	2.954343	0.005947
yremkm	hand_transfer	F	19	r	1	2	51	1	9	9	0	1.774	2.027	2.495	2.141	-0.019184	2.418171	8.755501	3.82576
yremkm	hand_transfer	F	19	r	1	2	52	0		3	0	3.256	3.517	3.565		-0.461023	2.276326	3.120923	0.007816
yremkm	hand_transfer	F	19	r	1	2	53	0		3	0	1.7	1.886	2.043		-0.171801	1.406186	3.158396	0.008059
yremkm	hand_transfer	F	19	r	1	2	54	0		3	0	1.659	1.827	1.893		0.005485	1.938782	3.14346	0.009184
yremkm	hand_transfer	F	19	r	1	2	55	0		3	0	1.634	1.795	1.877		0.152431	1.724983	2.992047	0.00716
yremkm	hand_transfer	F	19	r	1	2	56	0		3	0	1.477	1.704	1.749		-0.214955	2.376271	3.071836	0.009007
yremkm	hand_transfer	F	19	r	1	2	57	0		3	0	1.842	2.064	2.144		-0.053999	1.52234	3.059178	0.011236
yremkm	hand_transfer	F	19	r	1	2	58	1	10	9	0	1.541	1.727	2.269	2.019	-0.113391	0.973898	8.812743	4.672566
yremkm	hand_transfer	F	19	r	1	2	59	0		3	0	1.875	2.081	2.092		-0.037874	2.530508	2.804888	0.009382
yremkm	hand_transfer	F	19	r	1	2	60	0		3	0	1.331	1.484	1.616		-0.012911	1.416104	3.073182	0.009856
gufrfy	hand_transfer	M	18	r	2	2	1	0		3	0	1.4	1.462	1.558		0.032102	0.934741	2.897182	0.021507
gufrfy	hand_transfer	M	18	r	2	2	2	0		3	0	1.291	1.47	1.534		0.02767	2.309642	2.983299	0.017116
gufrfy	hand_transfer	M	18	r	2	2	3	0		3	0	0.717	0.931	1.06		-0.011625	1.648141	2.96148	0.017768
gufrfy	hand_transfer	M	18	r	2	2	4	0		3	0	0.678	0.869	1.049		-0.029836	0.934425	2.889362	0.019024
gufrfy	hand_transfer	M	18	r	2	2	5	0		3	0	0.558	0.746	0.834		-0.089607	1.655164	2.763033	0.02222
gufrfy	hand_transfer	M	18	r	2	2	6	1	1	9	0	0.631	0.906	1.632	1.026	0.06125	2.64827	8.742355	3.925486
gufrfy	hand_transfer	M	18	r	2	2	7	0		3	0	1.017	1.189	1.212		-0.066517	2.303889	2.860542	0.001819
gufrfy	hand_transfer	M	18	r	2	2	8	0		3	0	0.796	0.984	1.064		-0.295139	1.568287	2.631861	0.002546
gufrfy	hand_transfer	M	18	r	2	2	9	0		3	0	1.198	1.304	1.394		0.162493	1.44422	2.820201	0.003578
gufrfy	hand_transfer	M	18	r	2	2	10	1	2	9	0	0.714	0.895	1.532	1.135	-0.023592	1.564467	9.011281	4.607048
gufrfy	hand_transfer	M	18	r	2	2	11	0		3	0	1.066	1.34	1.35		-0.149261	2.391395	2.69113	0.003696
gufrfy	hand_transfer	M	18	r	2	2	12	0		3	0	0.715	1.022	1.048		0.004394	2.625555	3.011999	0.005274
gufrfy	hand_transfer	M	18	r	2	2	13	0		3	0	0.914	1.127	1.18		-0.125371	2.124978	2.997341	0.00492
gufrfy	hand_transfer	M	18	r	2	2	14	0		3	0	1.107	1.288	1.328		-0.031888	2.180125	2.945937	0.004255
gufrfy	hand_transfer	M	18	r	2	2	15	0		3	0	0.997	1.091	1.205		0.142032	1.301977	2.935577	0.006325
gufrfy	hand_transfer	M	18	r	2	2	16	0		3	0	0.875	1.012	1.078		-0.036928	1.695552	2.948862	0.009822
gufrfy	hand_transfer	M	18	r	2	2	17	1	3	9	0	1.025	1.139	1.521	1.332	0.118312	1.52609	8.934933	5.114833
gufrfy	hand_transfer	M	18	r	2	2	18	0		3	0	1.095	1.246	1.294		-0.034257	1.994087	2.952162	0.008175
gufrfy	hand_transfer	M	18	r	2	2	19	0		3	0	1.018	1.137	1.289		0.000644	1.187904	2.747031	0.010266
gufrfy	hand_transfer	M	18	r	2	2	20	0		3	0	0.737	0.937	0.976		0.058004	2.454205	2.96369	0.010366
gufrfy	hand_transfer	M	18	r	2	2	21	0		3	0	1.162	1.226	1.345		0.517418	1.301782	2.918429	0.009224
gufrfy	hand_transfer	M	18	r	2	2	22	0		3	0	1.049	1.23	1.274		0.008293	1.817041	2.795041	0.00949
gufrfy	hand_transfer	M	18	r	2	2	23	1	4	9	0	1.135	1.307	1.557	1.36	-0.250132	2.865266	8.959435	4.404946
gufrfy	hand_transfer	M	18	r	2	2	24	0		3	0	0.885	1.029	1.065		-0.057858	2.091018	2.92228	0.010773
gufrfy	hand_transfer	M	18	r	2	2	25	0		3	0	0.912	1.024	1.045		-0.10162	2.372397	2.968617	0.011863
gufrfy	hand_transfer	M	18	r	2	2	26	0		3	0	1.003	1.186	1.266		0.009426	1.850763	2.976134	0.01185
gufrfy	hand_transfer	M	18	r	2	2	27	1	5	9	0	1.007	1.15	1.76	1.313	0.005855	1.387183	8.959088	3.827633
gufrfy	hand_transfer	M	18	r	2	2	28	0		3	0	0.796	0.904	1.011		-0.016384	0.802026	2.945093	0.010696
gufrfy	hand_transfer	M	18	r	2	2	29	0		3	0	1.324	1.495	1.521		0.015577	2.065398	2.794106	0.01342
gufrfy	hand_transfer	M	18	r	2	2	30	0		3	0	0.992	1.112	1.219		-0.008151	1.299497	2.925956	0.014632
gufrfy	hand_transfer	M	18	r	2	1	31	0		3	0	0.991	1.18	1.221		-0.164905	2.452184	3.182449	-0.010239
gufrfy	hand_transfer	M	18	r	2	1	32	0		3	0	0.547	0.768	0.877		0.073484	1.961919	3.103426	-0.006853
gufrfy	hand_transfer	M	18	r	2	1	33	0		3	0	0.802	1.032	1.076		-0.195419	2.536619	3.141476	-0.007966
gufrfy	hand_transfer	M	18	r	2	1	34	0		3	0	0.806	0.981	1.114		-0.120883	1.414675	3.177062	-0.004963
gufrfy	hand_transfer	M	18	r	2	1	35	0		3	0	0.811	1.011	1.175		-0.248272	1.395569	3.113059	-0.008409
gufrfy	hand_transfer	M	18	r	2	1	36	1	6	9	0	0.789	0.991	1.842	1.181	-0.023276	1.162001	9.133807	3.558217
gufrfy	hand_transfer	M	18	r	2	1	37	0		3	0	0.782	0.915	0.936		-0.08153	2.250994	2.90243	-0.006602
gufrfy	hand_transfer	M	18	r	2	1	38	0		3	0	0.609	0.718	0.825		-0.37442	0.793556	3.210547	-0.005478
gufrfy	hand_transfer	M	18	r	2	1	39	0		3	0	0.948	1.115	1.171		-0.173601	1.960469	3.105671	-0.004955
gufrfy	hand_transfer	M	18	r	2	1	40	0		3	0	0.579	0.72	0.791		-0.038003	1.398352	3.169161	-0.007037
gufrfy	hand_transfer	M	18	r	2	1	41	1	7	9	0	0.622	0.732	1.131	0.855	-0.051524	1.35858	9.072814	4.275463
gufrfy	hand_transfer	M	18	r	2	1	42	0		3	0	0.695	0.952	1.028		-0.03716	2.329868	3.173138	-0.006336
gufrfy	hand_transfer	M	18	r	2	1	43	0		3	0	0.594	1.029	1.162		-0.009469	2.134041	3.132837	-0.006433
gufrfy	hand_transfer	M	18	r	2	1	44	0		3	0	0.509	0.93	1.018		-0.052384	2.605429	3.180643	-0.00639
gufrfy	hand_transfer	M	18	r	2	1	45	0		3	0	0.722	0.888	1.029		-0.080036	1.439903	3.131311	-0.007149
gufrfy	hand_transfer	M	18	r	2	1	46	0		3	0	1.186	1.404	1.498		0.085783	2.198938	3.113212	-0.006021
gufrfy	hand_transfer	M	18	r	2	1	47	1	8	9	0	1.062	1.24	1.866	1.402	-0.073509	1.471351	9.117471	3.827921
gufrfy	hand_transfer	M	18	r	2	1	48	0		3	0	0.562	0.775	0.85		-0.095481	1.781456	3.143929	-0.006855
gufrfy	hand_transfer	M	18	r	2	1	49	0		3	0	0.621	1.032	1.056		-0.023137	2.892305	3.224705	-0.004011
gufrfy	hand_transfer	M	18	r	2	1	50	0		3	1					-0.001332	-0.001332	-0.001332	-0.001332
gufrfy	hand_transfer	M	18	r	2	1	51	1	9	9	0	0.951	1.408	1.925	1.491	-0.027855	3.01211	9.102785	3.806283
gufrfy	hand_transfer	M	18	r	2	1	52	0		3	0	1.22	1.527	1.612		-0.009271	1.895059	3.179007	-0.002828
gufrfy	hand_transfer	M	18	r	2	1	53	0		3	0	1.293	1.54	1.637		-0.004834	1.897466	3.040181	-0.003594
gufrfy	hand_transfer	M	18	r	2	1	54	0		3	0	0.874	1.15	1.267		-0.02871	2.232199	3.155275	-0.002912
gufrfy	hand_transfer	M	18	r	2	1	55	0		3	0	1.086	1.316	1.474		-0.023967	1.688025	3.081925	-0.002191
gufrfy	hand_transfer	M	18	r	2	1	56	0		3	0	0.989	1.314	1.458		-0.052641	1.915483	3.122084	-0.002703
gufrfy	hand_transfer	M	18	r	2	1	57	0		3	0	0.58	0.744	0.806		-0.019863	1.973127	3.237841	-0.001423
gufrfy	hand_transfer	M	18	r	2	1	58	1	10	9	0	0.626	0.98	1.642	1.192	-0.069269	2.223979	9.128221	3.7041
gufrfy	hand_transfer	M	18	r	2	1	59	0		3	0	0.801	1.115	1.21		-0.003658	2.217066	3.157412	-0.001996
gufrfy	hand_transfer	M	18	r	2	1	60	0		3	0	0.54	0.816	0.951		-0.002955	1.793149	3.136315	-0.002121
k0r8cx	hand_transfer	F	18	r	2	2	1	0		3	0	2.043	2.232	2.368		0.001258	1.445815	3.092467	-0.003015
k0r8cx	hand_transfer	F	18	r	2	2	2	0		3	0	1.062	1.466	1.591		-0.006919	2.350085	3.080519	-0.000243
k0r8cx	hand_transfer	F	18	r	2	2	3	0		3	0	1.035	1.357	1.425		0.000883	2.136605	3.104389	0.001671
k0r8cx	hand_transfer	F	18	r	2	2	4	0		3	0	1.064	1.308	1.385		-0.006455	2.267955	3.008843	0.001961
k0r8cx	hand_transfer	F	18	r	2	2	5	0		3	0	1.205	1.476	1.608		-0.047621	1.953269	3.072454	0.001965
k0r8cx	hand_transfer	F	18	r	2	2	6	1	1	9	0	1.255	1.44	2.77	1.644	-0.003614	1.437317	9.013935	3.205696
k0r8cx	hand_transfer	F	18	r	2	2	7	0		3	0	1.893	2.054	2.111		-0.122676	1.867916	3.199893	0.004024
k0r8cx	hand_transfer	F	18	r	2	2	8	0		3	0	1.528	1.76	1.911		-0.001171	1.64745	3.131108	0.001466
k0r8cx	hand_transfer	F	18	r	2	2	9	0		3	0	1.109	1.277	1.391		-0.052509	1.786864	3.051129	0.005204
k0r8cx	hand_transfer	F	18	r	2	2	10	1	2	9	0	1.134	1.301	2.002	1.477	-0.008816	1.514488	9.011995	3.466189
k0r8cx	hand_transfer	F	18	r	2	2	11	0		3	0	1.122	1.345	1.354		-0.055817	2.24635	2.413955	0.001785
k0r8cx	hand_transfer	F	18	r	2	2	12	0		3	0	1.127	1.311	1.364		-0.001639	2.123728	3.071664	0.004422
k0r8cx	hand_transfer	F	18	r	2	2	13	0		3	0	1.166	1.366	1.408		-0.003097	2.022949	2.859529	0.009394
k0r8cx	hand_transfer	F	18	r	2	2	14	0		3	0	1.244	1.444	1.592		-0.003626	1.78693	3.03534	0.007291
k0r8cx	hand_transfer	F	18	r	2	2	15	0		3	0	1.168	1.417	1.654		0.003664	1.298593	2.96045	0.007336
k0r8cx	hand_transfer	F	18	r	2	2	16	0		3	0	1.17	1.393	1.649		-0.002479	1.401049	3.056103	0.005848
k0r8cx	hand_transfer	F	18	r	2	2	17	1	3	9	0	1.172	1.544	2.598	1.784	0.00668	1.956596	9.048073	3.526508
k0r8cx	hand_transfer	F	18	r	2	2	18	0		3	0	1.763	2.151	2.186		-0.110128	2.628201	3.028406	0.006369
k0r8cx	hand_transfer	F	18	r	2	2	19	0		3	0	1.223	1.431	1.649		-0.08377	1.690254	3.077213	0.007052
k0r8cx	hand_transfer	F	18	r	2	2	20	0		3	0	1.236	1.423	1.833		-0.130656	1.018114	3.117982	0.007507
k0r8cx	hand_transfer	F	18	r	2	2	21	0		3	0	1.216	1.595	1.703		-0.045925	2.328603	3.033731	0.007408
k0r8cx	hand_transfer	F	18	r	2	2	22	0		3	0	1.183	1.524	1.753		-0.10276	2.15168	3.116372	0.010537
k0r8cx	hand_transfer	F	18	r	2	2	23	1	4	9	0	1.735	1.97	3.21	2.366	0.011574	0.959463	9.111258	3.384694
k0r8cx	hand_transfer	F	18	r	2	2	24	0		3	0	1.415	1.778	1.891		-0.055969	1.970533	3.146502	0.005651
k0r8cx	hand_transfer	F	18	r	2	2	25	0		3	0	1.311	1.515	1.729		-0.040835	1.231086	3.095208	0.008925
k0r8cx	hand_transfer	F	18	r	2	2	26	0		3	0	1.431	1.785	1.983		-0.008096	1.653169	3.079116	0.011598
k0r8cx	hand_transfer	F	18	r	2	2	27	1	5	9	0	1.348	1.633	2.597	1.874	0.117784	1.959387	9.108218	3.159956
k0r8cx	hand_transfer	F	18	r	2	2	28	0		3	0	1.495	1.697	1.843		0.045385	1.559797	3.165805	0.013321
k0r8cx	hand_transfer	F	18	r	2	2	29	0		3	0	1.335	1.59	1.815		-0.015339	1.490701	3.097256	0.013904
k0r8cx	hand_transfer	F	18	r	2	2	30	0		3	0	1.246	1.573	1.774		0.025185	1.494864	3.093298	0.01548
k0r8cx	hand_transfer	F	18	r	2	1	31	0		3	0	1.607	1.911	2.238		-0.059705	1.349189	3.115942	0.011184
k0r8cx	hand_transfer	F	18	r	2	1	32	0		3	0	1.365	1.427	1.537		0.32408	0.910465	2.37913	0.008789
k0r8cx	hand_transfer	F	18	r	2	1	33	0		3	0	1.281	1.422	1.609		0.218695	1.334735	3.117809	0.010395
k0r8cx	hand_transfer	F	18	r	2	1	34	0		3	0	1.21	1.419	1.514		0.011819	1.573763	3.126343	0.013261
k0r8cx	hand_transfer	F	18	r	2	1	35	0		3	0	1.057	1.277	1.466		0.075612	1.59643	2.989085	0.011896
k0r8cx	hand_transfer	F	18	r	2	1	36	1	6	9	0	1.066	1.276	2.811	1.705	-0.061795	1.013629	9.010903	3.244775
k0r8cx	hand_transfer	F	18	r	2	1	37	0		3	0	1.174	1.533	1.567		0.055454	2.70284	3.078964	0.012469
k0r8cx	hand_transfer	F	18	r	2	1	38	0		3	0	1.237	1.592	1.747		-0.056491	2.258469	3.08866	0.017146
k0r8cx	hand_transfer	F	18	r	2	1	39	0		3	0	1.01	1.263	1.496		0.052437	1.289804	3.110194	0.016334
k0r8cx	hand_transfer	F	18	r	2	1	40	0		3	0	1.19	1.544	1.604		-0.029155	2.446318	3.035342	0.01642
k0r8cx	hand_transfer	F	18	r	2	1	41	1	7	9	0	1.257	1.483	2.883	1.866	0.033749	1.053094	9.036924	3.225224
k0r8cx	hand_transfer	F	18	r	2	1	42	0		3	0	1.272	1.472	1.656		-0.108183	1.431288	3.135702	0.01489
k0r8cx	hand_transfer	F	18	r	2	1	43	0		3	0	1.817	2.008	2.28		0.001179	1.2106	3.082623	0.015957
k0r8cx	hand_transfer	F	18	r	2	1	44	0		3	0	1.026	1.235	1.6		-0.039606	0.824677	3.064848	0.016482
k0r8cx	hand_transfer	F	18	r	2	1	45	0		3	0	1.261	1.421	1.809		0.041913	0.710333	3.056539	0.017048
k0r8cx	hand_transfer	F	18	r	2	1	46	0		3	0	1.345	1.884	1.919		-0.024428	2.778876	3.030716	0.018295
k0r8cx	hand_transfer	F	18	r	2	1	47	1	8	9	0	1.237	1.466	2.468	1.857	0.016927	1.128167	9.126753	3.996813
k0r8cx	hand_transfer	F	18	r	2	1	48	0		3	0	1.324	1.487	1.66		-0.201698	1.27563	3.039627	0.016242
k0r8cx	hand_transfer	F	18	r	2	1	49	0		3	0	1.125	1.412	1.572		-0.05815	1.636984	3.031254	0.015457
k0r8cx	hand_transfer	F	18	r	2	1	50	0		3	0	0.997	1.329	1.43		0.017448	2.167005	3.110251	0.018055
k0r8cx	hand_transfer	F	18	r	2	1	51	1	9	9	0	1.229	1.397	2.376	1.662	-0.045312	1.451096	9.043797	3.53866
k0r8cx	hand_transfer	F	18	r	2	1	52	0		3	0	1.295	1.41	1.569		0.017776	1.115141	3.094845	0.015863
k0r8cx	hand_transfer	F	18	r	2	1	53	0		3	0	1.374	1.567	1.701		0.058181	1.614268	2.945985	0.01737
k0r8cx	hand_transfer	F	18	r	2	1	54	0		3	0	1.173	1.279	1.482		-0.067363	0.82033	3.006561	0.019
k0r8cx	hand_transfer	F	18	r	2	1	55	0		3	0	0.816	0.953	1.039		-0.05174	2.017069	3.180353	0.020355
k0r8cx	hand_transfer	F	18	r	2	1	56	0		3	0	1.009	1.245	1.325		-0.059323	2.229483	3.095071	0.018296
k0r8cx	hand_transfer	F	18	r	2	1	57	0		3	0	1.139	1.345	1.591		-0.032657	0.977695	3.112574	0.019331
k0r8cx	hand_transfer	F	18	r	2	1	58	1	10	9	0	1.156	1.44	2.46	1.732	0.059741	1.900403	8.949692	3.510739
k0r8cx	hand_transfer	F	18	r	2	1	59	0		3	0	1.136	1.418	1.507		-0.009529	1.772534	3.004948	0.02042
k0r8cx	hand_transfer	F	18	r	2	1	60	0		3	0	1.076	1.265	1.503		-0.033928	1.147829	3.16124	0.017484
sipxpy	hand_transfer	F	18	r	1	1	1	0		3	0	6.374	6.514	6.798		-0.124974	0.572457	3.171032	-0.000221
sipxpy	hand_transfer	F	18	r	1	1	2	0		3	0	1.396	1.741	1.826		0.014477	2.323281	3.131352	0.000404
sipxpy	hand_transfer	F	18	r	1	1	3	0		3	0	1.182	1.42	1.563		0.10932	1.851142	3.063441	-0.000232
sipxpy	hand_transfer	F	18	r	1	1	4	0		3	0	1.207	1.549	1.701		-0.02013	2.148927	3.149399	0.000542
sipxpy	hand_transfer	F	18	r	1	1	5	0		3	0	1.16	1.432	1.613		-0.005352	1.545703	3.164528	0.001634
sipxpy	hand_transfer	F	18	r	1	1	6	1	1	9	0	1.4	1.709	2.54	1.957	-0.03335	1.762096	8.585308	3.7071
sipxpy	hand_transfer	F	18	r	1	1	7	0		3	0	1.278	1.634	1.659		-0.058335	2.786116	3.132621	-0.001957
sipxpy	hand_transfer	F	18	r	1	1	8	0		3	0	0.928	1.368	1.402		-0.122797	2.817423	3.128892	-0.000514
sipxpy	hand_transfer	F	18	r	1	1	9	0		3	0	0.994	1.341	1.488		-0.045166	2.158781	3.170341	-0.002179
sipxpy	hand_transfer	F	18	r	1	1	10	1	2	9	0	1.107	1.346	2.001	1.598	-0.012856	1.622589	8.737926	3.327197
sipxpy	hand_transfer	F	18	r	1	1	11	0		3	0	1.175	1.426	1.586		-0.013112	1.870139	3.193962	-0.001425
sipxpy	hand_transfer	F	18	r	1	1	12	0		3	0	1.326	1.676	1.792		0.044271	2.393294	3.160172	0.00099
sipxpy	hand_transfer	F	18	r	1	1	13	0		3	0	1.422	1.775	1.815		-0.028868	2.763512	3.184301	0.003055
sipxpy	hand_transfer	F	18	r	1	1	14	0		3	0	1.189	1.384	1.689		-0.024414	1.568296	3.143571	0.002954
sipxpy	hand_transfer	F	18	r	1	1	15	0		3	0	1.418	1.829	1.877		0.155783	2.827163	3.208406	0.00245
sipxpy	hand_transfer	F	18	r	1	1	16	0		3	0	1.34	1.808	1.878		-0.018322	2.408134	3.194561	0.004394
sipxpy	hand_transfer	F	18	r	1	1	17	1	3	9	0	2.379	2.686	3.161	2.785	-0.010194	2.70419	8.830565	3.597116
sipxpy	hand_transfer	F	18	r	1	1	18	0		3	0	1.234	1.549	1.608		-0.026093	2.207434	3.06683	0.003155
sipxpy	hand_transfer	F	18	r	1	1	19	0		3	0	1.006	1.198	1.423		0.060043	1.447705	3.178216	0.001503
sipxpy	hand_transfer	F	18	r	1	1	20	0		3	0	1.038	1.256	1.509		-0.012428	1.226936	3.157501	0.00389
sipxpy	hand_transfer	F	18	r	1	1	21	0		3	0	1.085	1.295	1.459		0.095843	2.045507	3.134991	0.003022
sipxpy	hand_transfer	F	18	r	1	1	22	0		3	0	1.046	1.33	1.46		0.021279	2.282584	3.162189	0.005099
sipxpy	hand_transfer	F	18	r	1	1	23	1	4	9	0	1.085	1.392	2.061	1.732	-0.023795	1.424358	8.550435	3.854856
sipxpy	hand_transfer	F	18	r	1	1	24	0		3	0	1.062	1.336	1.425		-0.006867	2.17586	3.096661	0.001333
sipxpy	hand_transfer	F	18	r	1	1	25	0		3	0	0.965	1.126	1.423		-0.046542	0.826342	3.066956	0.002202
sipxpy	hand_transfer	F	18	r	1	1	26	0		3	0	1.439	1.672	1.763		-0.047861	2.014015	3.133383	0.003628
sipxpy	hand_transfer	F	18	r	1	1	27	1	5	9	0	0.985	1.197	1.766	1.42	-0.069786	1.615653	8.708631	3.446822
sipxpy	hand_transfer	F	18	r	1	1	28	0		3	0	0.981	1.074	1.352		-0.053503	0.545195	3.127446	0.002525
sipxpy	hand_transfer	F	18	r	1	1	29	0		3	0	1.065	1.247	1.428		0.017378	1.585883	3.157363	0.006146
sipxpy	hand_transfer	F	18	r	1	1	30	0		3	0	1.164	1.32	1.676		-0.001094	0.853606	3.097854	0.006235
sipxpy	hand_transfer	F	18	r	1	2	31	0		3	0	1.275	1.563	1.683		-0.427391	1.98008	3.121962	0.00511
sipxpy	hand_transfer	F	18	r	1	2	32	0		3	0	1.674	1.812	2.043		0.225162	0.863973	2.968926	0.022644
sipxpy	hand_transfer	F	18	r	1	2	33	0		3	0	1.126	1.332	1.395		-0.105207	2.17899	3.022482	0.022073
sipxpy	hand_transfer	F	18	r	1	2	34	0		3	0	1.107	1.173	1.471		-0.034258	0.391673	2.964557	0.022617
sipxpy	hand_transfer	F	18	r	1	2	35	0		3	0	1.148	1.425	1.529		-0.045596	2.133879	2.969831	0.021591
sipxpy	hand_transfer	F	18	r	1	2	36	1	6	9	0	1.099	1.166	1.815	1.591	-0.231979	0.335257	8.232173	4.176522
sipxpy	hand_transfer	F	18	r	1	2	37	0		3	0	1.03	1.269	1.382		-0.007193	1.71717	2.913368	0.02071
sipxpy	hand_transfer	F	18	r	1	2	38	0		3	0	1.044	1.246	1.404		-0.096031	1.466393	3.080154	0.019981
sipxpy	hand_transfer	F	18	r	1	2	39	0		3	0	1.122	1.461	1.633		-0.136036	1.96944	3.077604	0.019524
sipxpy	hand_transfer	F	18	r	1	2	40	0		3	0	1.3	1.588	1.637		0.071324	2.215814	2.77644	0.019074
sipxpy	hand_transfer	F	18	r	1	2	41	1	7	9	0	1.208	1.434	1.991	1.759	-0.134892	1.264399	6.40443	3.816035
sipxpy	hand_transfer	F	18	r	1	2	42	0		3	0	1.154	1.445	1.512		-0.130567	2.054019	3.020842	0.02261
sipxpy	hand_transfer	F	18	r	1	2	43	0		3	0	1.176	1.436	1.64		-0.221587	1.547993	3.09611	0.020233
sipxpy	hand_transfer	F	18	r	1	2	44	0		3	0	1.243	1.479	1.614		-0.169703	1.641951	3.038754	0.019866
sipxpy	hand_transfer	F	18	r	1	2	45	0		3	0	1.185	1.411	1.603		-0.118517	1.320288	3.141572	0.020642
sipxpy	hand_transfer	F	18	r	1	2	46	0		3	0	1.398	1.568	1.807		-0.013438	0.797233	3.036089	0.018698
sipxpy	hand_transfer	F	18	r	1	2	47	1	8	9	0	1.351	1.631	2.291	1.897	-0.020564	1.573608	8.890654	3.461443
sipxpy	hand_transfer	F	18	r	1	2	48	0		3	0	1.512	1.584	1.884		-0.086121	0.348852	3.098265	0.023605
sipxpy	hand_transfer	F	18	r	1	2	49	0		3	0	1.131	1.342	1.55		-0.041493	0.844083	2.897259	0.023263
sipxpy	hand_transfer	F	18	r	1	2	50	0		3	0	1.118	1.204	1.47		-0.119249	0.528586	3.113509	0.022821
sipxpy	hand_transfer	F	18	r	1	2	51	1	9	9	0	1.062	1.244	1.629	1.407	-0.069904	2.206144	8.860799	4.429913
sipxpy	hand_transfer	F	18	r	1	2	52	0		3	0	1.203	1.287	1.515		-0.096778	0.503023	3.091725	0.023603
sipxpy	hand_transfer	F	18	r	1	2	53	0		3	0	0.98	1.082	1.295		0.069141	0.930757	3.090943	0.020505
sipxpy	hand_transfer	F	18	r	1	2	54	0		3	0	1.135	1.264	1.52		-0.019582	0.729203	3.078447	0.025094
sipxpy	hand_transfer	F	18	r	1	2	55	0		3	0	1.058	1.142	1.447		-0.20217	0.495553	3.039063	0.024427
sipxpy	hand_transfer	F	18	r	1	2	56	0		3	0	1.181	1.417	1.563		0.016595	1.938791	3.039859	0.02325
sipxpy	hand_transfer	F	18	r	1	2	57	0		3	0	0.986	1.457	1.618		-0.004333	2.339561	3.134615	0.023886
sipxpy	hand_transfer	F	18	r	1	2	58	1	10	9	0	1.088	1.311	1.945	1.546	-0.021491	1.539619	8.385426	3.414111
sipxpy	hand_transfer	F	18	r	1	2	59	0		3	0	0.997	1.268	1.415		0.015363	1.902617	3.059062	0.026908
sipxpy	hand_transfer	F	18	r	1	2	60	0		3	0	0.927	1.031	1.322		-0.073264	0.536075	3.077213	0.02523
i91346	hand_transfer	F	18	r	2	2	1	0		3	0	1.412	1.586	1.653		-0.083654	1.857346	2.819295	-0.003274
i91346	hand_transfer	F	18	r	2	2	2	0		3	0	0.767	0.926	1.022		-0.125324	1.660579	2.849819	-0.008661
i91346	hand_transfer	F	18	r	2	2	3	0		3	0	0.821	0.997	1.137		-0.045046	1.299868	2.81084	-0.007892
i91346	hand_transfer	F	18	r	2	2	4	0		3	0	0.727	0.917	1.033		-0.070228	1.226604	2.44004	-0.009857
i91346	hand_transfer	F	18	r	2	2	5	0		3	0	0.843	0.966	1.089		-0.238497	1.12007	2.829399	-0.008702
i91346	hand_transfer	F	18	r	2	2	6	1	1	9	0	0.743	0.894	1.872	1.101	-0.163636	1.388129	8.983356	4.164566
i91346	hand_transfer	F	18	r	2	2	7	0		3	0	1.541	1.795	1.844		-0.025025	2.404709	3.10641	-0.009115
i91346	hand_transfer	F	18	r	2	2	8	0		3	0	0.722	0.891	1.024		-0.077664	1.466849	3.09215	-0.008962
i91346	hand_transfer	F	18	r	2	2	9	0		3	0	0.734	0.854	1.125		-0.095724	0.891219	3.055747	-0.008755
i91346	hand_transfer	F	18	r	2	2	10	1	2	9	0	0.651	0.827	1.978	1.089	-0.177532	1.429057	9.022943	3.757522
i91346	hand_transfer	F	18	r	2	2	11	0		3	0	1.247	1.411	1.514		-0.015127	1.537093	2.978769	-0.009284
i91346	hand_transfer	F	18	r	2	2	12	0		3	0	0.96	1.163	1.3		-0.066524	1.694172	3.079237	-0.006756
i91346	hand_transfer	F	18	r	2	2	13	0		3	0	0.788	0.934	1.159		-0.077235	0.730168	3.01839	-0.007535
i91346	hand_transfer	F	18	r	2	2	14	0		3	0	0.744	0.911	1.041		-0.113646	1.454563	3.020557	-0.005804
i91346	hand_transfer	F	18	r	2	2	15	0		3	0	0.59	0.756	0.92		-0.100289	1.357671	3.074723	-0.003606
i91346	hand_transfer	F	18	r	2	2	16	0		3	0	0.843	1.077	1.125		-0.053509	2.457152	3.145677	-0.003873
i91346	hand_transfer	F	18	r	2	2	17	1	3	9	0	1.069	1.29	2.311	1.53	-0.013693	1.769338	9.046465	3.769343
i91346	hand_transfer	F	18	r	2	2	18	0		3	0	0.69	0.817	0.871		-0.092873	1.644578	2.640376	-0.005598
i91346	hand_transfer	F	18	r	2	2	19	0		3	0	0.628	0.864	0.93		-0.053059	2.071874	3.080641	-0.005176
i91346	hand_transfer	F	18	r	2	2	20	0		3	0	0.976	1.243	1.307		-0.063368	2.495944	3.108021	-0.004051
i91346	hand_transfer	F	18	r	2	2	21	0		3	0	0.705	0.866	1.024		-0.076958	1.450032	2.967186	-0.005959
i91346	hand_transfer	F	18	r	2	2	22	0		3	0	0.695	0.896	1.001		-0.07349	1.941833	3.053313	-0.007123
i91346	hand_transfer	F	18	r	2	2	23	1	4	9	0	0.755	0.938	1.97	1.151	-0.212418	1.755235	9.007823	3.87513
i91346	hand_transfer	F	18	r	2	2	24	0		3	0	0.754	0.99	1.031		-0.043418	2.328378	2.991455	-0.005781
i91346	hand_transfer	F	18	r	2	2	25	0		3	0	0.895	1.062	1.207		-0.0548	1.324888	2.948871	-0.00663
i91346	hand_transfer	F	18	r	2	2	26	0		3	0	0.958	1.055	1.316		-0.017061	0.610621	3.090043	-0.006285
i91346	hand_transfer	F	18	r	2	2	27	1	5	9	0	0.899	1.08	2.061	1.335	-0.057007	1.485089	9.024004	3.590182
i91346	hand_transfer	F	18	r	2	2	28	0		3	0	1.184	1.468	1.6		-0.008879	1.996636	3.090627	-0.007812
i91346	hand_transfer	F	18	r	2	2	29	0		3	0	0.824	0.954	1.107		-0.208716	1.085187	3.110825	-0.002979
i91346	hand_transfer	F	18	r	2	2	30	0		3	0	0.878	1.013	1.296		-0.027708	0.819687	3.124282	-0.002015
i91346	hand_transfer	F	18	r	2	1	31	0		3	0	0.824	0.944	1.158		-0.100927	1.191819	3.20832	-0.00182
i91346	hand_transfer	F	18	r	2	1	32	0		3	0	0.617	0.712	1.029		-0.072614	0.525023	3.176589	-0.002134
i91346	hand_transfer	F	18	r	2	1	33	0		3	0	0.694	0.862	0.97		-0.077163	1.54612	3.240156	-0.004081
i91346	hand_transfer	F	18	r	2	1	34	0		3	0	0.817	0.98	1.043		-0.067671	1.971067	3.088975	-0.006559
i91346	hand_transfer	F	18	r	2	1	35	0		3	0	0.824	0.944	1.069		0.03639	1.39588	3.115451	-0.005446
i91346	hand_transfer	F	18	r	2	1	36	1	6	9	0	0.651	0.778	1.755	0.976	-0.017394	0.878611	9.230519	3.426254
i91346	hand_transfer	F	18	r	2	1	37	0		3	0	1.136	1.328	1.369		-0.014484	2.167256	2.956586	-0.00395
i91346	hand_transfer	F	18	r	2	1	38	0		3	0	0.734	0.937	1.042		-0.056546	1.932091	3.073372	-0.005199
i91346	hand_transfer	F	18	r	2	1	39	0		3	0	0.673	0.852	1.023		-0.088792	1.262046	3.073238	-0.003972
i91346	hand_transfer	F	18	r	2	1	40	0		3	0	0.657	0.827	0.928		-0.113143	1.872611	3.14167	-0.004056
i91346	hand_transfer	F	18	r	2	1	41	1	7	9	0	0.717	1.009	1.946	1.216	-0.038171	2.060318	9.213776	4.053561
i91346	hand_transfer	F	18	r	2	1	42	0		3	0	0.843	1.165	1.25		-0.032899	1.707903	3.077062	-0.005707
i91346	hand_transfer	F	18	r	2	1	43	0		3	0	0.647	0.93	1.035		-0.099754	2.117266	3.078883	-0.004713
i91346	hand_transfer	F	18	r	2	1	44	0		3	0	0.696	0.928	1.077		-0.123184	1.808981	3.202189	-0.006018
i91346	hand_transfer	F	18	r	2	1	45	0		3	0	0.971	1.145	1.252		-0.063914	1.426147	3.061236	-0.005232
i91346	hand_transfer	F	18	r	2	1	46	0		3	0	0.664	0.914	1.011		-0.017141	2.178007	3.155525	-0.005659
i91346	hand_transfer	F	18	r	2	1	47	1	8	9	0	1.074	1.405	2.263	1.592	-0.004741	2.245296	9.27357	3.959637
i91346	hand_transfer	F	18	r	2	1	48	0		3	0	0.834	1.064	1.253		-0.041245	1.127251	3.127857	-0.006789
i91346	hand_transfer	F	18	r	2	1	49	0		3	0	1.017	1.221	1.391		-0.041638	1.490491	3.100256	-0.006795
i91346	hand_transfer	F	18	r	2	1	50	0		3	0	0.888	1.054	1.251		-0.05101	1.381399	3.058678	-0.006605
i91346	hand_transfer	F	18	r	2	1	51	1	9	9	0	1.004	1.195	1.935	1.381	-0.011574	1.476272	9.213742	3.96607
i91346	hand_transfer	F	18	r	2	1	52	0		3	0	1.616	1.801	1.873		-0.053325	2.041011	3.156599	-0.008641
i91346	hand_transfer	F	18	r	2	1	53	0		3	0	0.964	1.092	1.302		-0.022157	0.941033	3.128975	-0.008225
i91346	hand_transfer	F	18	r	2	1	54	0		3	0	1.7	1.9	2.034		-0.018555	1.905543	3.185198	-0.004881
i91346	hand_transfer	F	18	r	2	1	55	0		3	0	0.841	1.016	1.143		-0.0974	1.33321	3.136053	-0.005879
i91346	hand_transfer	F	18	r	2	1	56	0		3	0	1.107	1.308	1.366		-0.057724	2.125392	3.122096	-0.005035
i91346	hand_transfer	F	18	r	2	1	57	0		3	0	1.017	1.298	1.365		-0.004979	2.326383	3.119248	-0.005215
i91346	hand_transfer	F	18	r	2	1	58	1	10	9	0	1.38	1.609	2.454	1.739	-0.011542	1.89096	9.155531	3.575899
i91346	hand_transfer	F	18	r	2	1	59	0		3	0	1.745	1.882	1.932		-0.005267	1.821562	3.175525	-0.006527
i91346	hand_transfer	F	18	r	2	1	60	0		3	0	1.022	1.232	1.25		-0.014337	2.194778	2.532895	-0.004094
g8964i	hand_transfer	F	18	r	1	1	1	0		3	0	4.739	4.94	5.009		-0.008731	1.921594	3.036658	-0.004494
g8964i	hand_transfer	F	18	r	1	1	2	0		3	0	0.958	1.183	1.222		-0.13014	2.196694	3.026292	-0.003412
g8964i	hand_transfer	F	18	r	1	1	3	0		3	0	1.202	1.451	1.502		-0.007187	2.010843	3.046842	-0.001282
g8964i	hand_transfer	F	18	r	1	1	4	0		3	0	0.954	1.187	1.265		-0.130754	1.880724	3.090055	-0.001752
g8964i	hand_transfer	F	18	r	1	1	5	0		3	0	1.07	1.238	1.335		-0.100327	1.299203	3.104911	-0.001037
g8964i	hand_transfer	F	18	r	1	1	6	1	1	9	0	1.01	1.332	2.529	1.465	-0.071469	2.407958	9.171699	3.755412
g8964i	hand_transfer	F	18	r	1	1	7	0		3	0	1.317	1.562	1.632		-0.055894	1.957602	3.1609	-0.002435
g8964i	hand_transfer	F	18	r	1	1	8	0		3	0	0.851	1.013	1.289		-0.046143	0.752039	3.113025	-0.002749
g8964i	hand_transfer	F	18	r	1	1	9	0		3	0	1.09	1.245	1.407		-0.078689	1.543792	3.099706	-0.000915
g8964i	hand_transfer	F	18	r	1	1	10	1	2	9	0	1.172	1.467	2.803	1.721	-0.054447	1.822503	9.088134	3.78456
g8964i	hand_transfer	F	18	r	1	1	11	0		3	0	3.372	3.616	3.645		-0.090254	2.669364	3.147924	0.001732
g8964i	hand_transfer	F	18	r	1	1	12	0		3	0	0.885	1.149	1.268		-0.060949	2.0376	3.123907	0.003335
g8964i	hand_transfer	F	18	r	1	1	13	0		3	0	0.773	0.958	1.046		-0.014151	1.907207	3.101067	0.006478
g8964i	hand_transfer	F	18	r	1	1	14	0		3	0	0.845	1.149	1.272		-0.027654	1.690314	3.178299	0.004541
g8964i	hand_transfer	F	18	r	1	1	15	0		3	0	0.785	1.037	1.142		-0.010418	1.968872	3.146121	0.007296
g8964i	hand_transfer	F	18	r	1	1	16	0		3	0	0.913	1.234	1.338		-0.08716	1.889052	3.118338	0.004203
g8964i	hand_transfer	F	18	r	1	1	17	1	3	9	0	1.122	1.428	2.399	1.565	-0.012514	1.94432	9.147591	3.427224
g8964i	hand_transfer	F	18	r	1	1	18	0		3	0	1.421	1.806	1.821		0.103157	2.905761	3.145106	0.007976
g8964i	hand_transfer	F	18	r	1	1	19	0		3	0	1.799	1.962	2.13		-0.059121	1.301202	3.123881	0.004813
g8964i	hand_transfer	F	18	r	1	1	20	0		3	0	0.802	1.101	1.218		-0.075525	1.381598	3.111424	0.006921
g8964i	hand_transfer	F	18	r	1	1	21	0		3	0	2.82	3.035	3.153		-0.153444	1.73804	3.207631	0.010333
g8964i	hand_transfer	F	18	r	1	1	22	0		3	0	1.055	1.316	1.45		0.051457	1.578222	2.950953	0.011197
g8964i	hand_transfer	F	18	r	1	1	23	1	4	9	1					9.278354	9.278354	9.278354	9.278354
g8964i	hand_transfer	F	18	r	1	1	24	0		3	0	1.169	1.424	1.499		0.011302	1.489553	3.278149	-0.009075
g8964i	hand_transfer	F	18	r	1	1	25	0		3	0	0.895	1.069	1.254		-0.077311	1.228985	3.215945	-0.00876
g8964i	hand_transfer	F	18	r	1	1	26	0		3	0	0.998	1.24	1.384		-0.038413	1.274762	2.988164	-0.009166
g8964i	hand_transfer	F	18	r	1	1	27	1	5	9	0	1.06	1.31	2.196	1.449	-0.004558	1.789721	9.071296	3.53293
g8964i	hand_transfer	F	18	r	1	1	28	0		3	0	1.553	1.918	2.012		0.055612	2.014483	3.110437	-0.006641
g8964i	hand_transfer	F	18	r	1	1	29	0		3	0	0.98	1.426	1.547		-0.025195	1.810778	3.071039	-0.007718
g8964i	hand_transfer	F	18	r	1	1	30	0		3	0	0.865	1.036	1.264		-0.102797	1.135498	3.173876	-0.006347
g8964i	hand_transfer	F	18	r	1	2	31	0		3	0	1.849	2.025	2.129		-0.038766	1.520124	3.208854	-0.005541
g8964i	hand_transfer	F	18	r	1	2	32	0		3	0	0.942	1.055	1.186		0.060469	0.940987	3.012709	-0.004206
g8964i	hand_transfer	F	18	r	1	2	33	0		3	0	0.823	0.964	1.033		-0.150657	1.359007	2.681349	0.013386
g8964i	hand_transfer	F	18	r	1	2	34	0		3	0	0.952	1.204	1.335		-0.043992	1.594747	3.173916	0.017052
g8964i	hand_transfer	F	18	r	1	2	35	0		3	0	1.131	1.262	1.374		-0.125289	1.211396	3.086571	0.020356
g8964i	hand_transfer	F	18	r	1	2	36	1	6	9	0	1.206	1.405	2.458	1.62	-0.015526	1.611943	9.20097	3.679728
g8964i	hand_transfer	F	18	r	1	2	37	0		3	0	1.567	1.755	1.84		-0.037514	1.724618	3.227464	-0.002869
g8964i	hand_transfer	F	18	r	1	2	38	0		3	0	1.927	2.219	2.27		-0.085915	2.603824	3.170621	-0.000325
g8964i	hand_transfer	F	18	r	1	2	39	0		3	0	0.919	1.103	1.261		-0.01063	1.523102	3.080526	0.000132
g8964i	hand_transfer	F	18	r	1	2	40	0		3	0	1.108	1.221	1.425		-0.128144	0.699697	3.158372	0.001942
g8964i	hand_transfer	F	18	r	1	2	41	1	7	9	0	0.928	1.041	1.823	1.235	-0.150076	1.148019	8.95329	3.743038
g8964i	hand_transfer	F	18	r	1	2	42	0		3	0	1.11	1.256	1.43		0.021742	1.061521	3.13262	0.002288
g8964i	hand_transfer	F	18	r	1	2	43	0		3	0	0.87	1.108	1.186		0.00085	2.128445	3.14177	-0.000152
g8964i	hand_transfer	F	18	r	1	2	44	0		3	0	1.011	1.259	1.287		-0.030162	2.671088	3.210063	0.003224
g8964i	hand_transfer	F	18	r	1	2	45	0		3	0	1.041	1.201	1.406		-0.081009	1.190149	3.129085	0.003436
g8964i	hand_transfer	F	18	r	1	2	46	0		3	0	0.934	1.257	1.331		-0.07056	2.309233	3.150317	0.005971
g8964i	hand_transfer	F	18	r	1	2	47	1	8	9	0	0.825	1.089	1.681	1.213	-0.025052	2.220825	8.85603	4.228991
g8964i	hand_transfer	F	18	r	1	2	48	0		3	0	0.921	1.189	1.241		-0.067218	2.528682	3.219628	0.006144
g8964i	hand_transfer	F	18	r	1	2	49	0		3	0	0.983	1.304	1.384		-0.090394	2.194117	3.210682	0.003629
g8964i	hand_transfer	F	18	r	1	2	50	0		3	0	1.01	1.263	1.356		-0.123344	1.934617	3.164836	0.007062
g8964i	hand_transfer	F	18	r	1	2	51	1	9	9	0	1.092	1.343	2.078	1.438	0.003802	2.383199	9.057648	3.770535
g8964i	hand_transfer	F	18	r	1	2	52	0		3	0	2.813	3.193	3.218		-0.177133	2.750106	3.194166	0.008238
g8964i	hand_transfer	F	18	r	1	2	53	0		3	0	0.823	1.331	1.359		-0.053564	2.425269	2.819263	0.006126
g8964i	hand_transfer	F	18	r	1	2	54	0		3	0	1.335	1.566	1.592		-0.140939	2.768927	3.164148	0.007672
g8964i	hand_transfer	F	18	r	1	2	55	0		3	0	1.437	1.774	1.903		0.026964	2.050854	3.151301	0.010712
g8964i	hand_transfer	F	18	r	1	2	56	0		3	0	1.29	1.428	1.54		-0.04494	1.331296	3.168206	0.011123
g8964i	hand_transfer	F	18	r	1	2	57	0		3	0	1.123	1.458	1.517		0.086835	2.154766	3.187767	0.010201
g8964i	hand_transfer	F	18	r	1	2	58	1	10	9	0	1.137	1.578	2.089	1.674	-0.04693	2.495138	9.118187	3.880346
g8964i	hand_transfer	F	18	r	1	2	59	0		3	0	1.224	1.539	1.557		-0.130854	2.688823	3.203822	0.011287
g8964i	hand_transfer	F	18	r	1	2	60	0		3	0	0.94	1.273	1.322		0.053291	2.235465	3.11667	0.012111
